#Frame     RMSD_00002
       1       0.0000
       2       0.8496
       3       0.6915
       4       0.6837
       5       0.7408
       6       0.7591
       7       0.8106
       8       0.7724
       9       0.7884
      10       0.8053
      11       0.9168
      12       0.8391
      13       0.8745
      14       0.8912
      15       0.8852
      16       0.9180
      17       0.9064
      18       1.0468
      19       1.0287
      20       1.0050
      21       1.0159
      22       1.0324
      23       0.9942
      24       0.9841
      25       1.1514
      26       1.0515
      27       0.9735
      28       1.0453
      29       0.8855
      30       1.0124
      31       0.9814
      32       0.9275
      33       1.0006
      34       0.9373
      35       1.0120
      36       1.0738
      37       1.0910
      38       1.0910
      39       1.0470
      40       1.0084
      41       1.1385
      42       1.1512
      43       1.0095
      44       1.2606
      45       1.1054
      46       1.0598
      47       1.2336
      48       1.1327
      49       1.1708
      50       1.0682
      51       1.1957
      52       1.2601
      53       1.2302
      54       1.1987
      55       1.2452
      56       1.1721
      57       1.2688
      58       1.3115
      59       1.1781
      60       1.1079
      61       1.1962
      62       1.1221
      63       1.1121
      64       1.0059
      65       1.0493
      66       1.0547
      67       1.1525
      68       1.1193
      69       1.1381
      70       1.2158
      71       1.1978
      72       1.2011
      73       1.1426
      74       1.2398
      75       1.1507
      76       1.2230
      77       1.2403
      78       1.1566
      79       1.2366
      80       1.1652
      81       1.1009
      82       1.2273
      83       1.1378
      84       1.1599
      85       1.0666
      86       1.1821
      87       1.1267
      88       1.1546
      89       1.0615
      90       1.1939
      91       1.0439
      92       1.1521
      93       1.0837
      94       1.0397
      95       1.0572
      96       1.1606
      97       1.1466
      98       1.1809
      99       1.1737
     100       1.1171
     101       1.2107
     102       1.1100
     103       1.1375
     104       1.0918
     105       1.0040
     106       1.0425
     107       0.9970
     108       1.0838
     109       1.0108
     110       1.1637
     111       1.1332
     112       1.0542
     113       1.0564
     114       1.0922
     115       1.0972
     116       1.1471
     117       1.0942
     118       1.2171
     119       1.1312
     120       1.1175
     121       1.1703
     122       1.1414
     123       1.1680
     124       1.2061
     125       1.1241
     126       1.0632
     127       1.0134
     128       1.0558
     129       1.1117
     130       1.1486
     131       1.0950
     132       1.0563
     133       1.0962
     134       0.9595
     135       1.0347
     136       1.0666
     137       1.0913
     138       1.1226
     139       1.1460
     140       1.0261
     141       1.0509
     142       1.0029
     143       1.1094
     144       1.0712
     145       1.1270
     146       1.1804
     147       0.9925
     148       1.0698
     149       1.1014
     150       1.1270
     151       1.0845
     152       1.0512
     153       1.1221
     154       1.0655
     155       1.0555
     156       1.1698
     157       1.1072
     158       1.1811
     159       1.1203
     160       1.2395
     161       1.1848
     162       1.1447
     163       1.0356
     164       1.1859
     165       1.0822
     166       1.1977
     167       1.1722
     168       1.1297
     169       1.1531
     170       1.1101
     171       1.0840
     172       1.1996
     173       1.2679
     174       1.1956
     175       1.2162
     176       1.2121
     177       1.1100
     178       1.0657
     179       1.1436
     180       1.1243
     181       1.1522
     182       1.1302
     183       1.2125
     184       1.2751
     185       1.1482
     186       1.2252
     187       1.1663
     188       1.0964
     189       1.2008
     190       1.1851
     191       1.1238
     192       1.1926
     193       1.1828
     194       1.2720
     195       1.2294
     196       1.1706
     197       1.2137
     198       1.1762
     199       1.2713
     200       1.1499
     201       1.3357
     202       1.1516
     203       1.1035
     204       1.1743
     205       1.0763
     206       1.1225
     207       1.1166
     208       1.0375
     209       1.1473
     210       1.0698
     211       1.0965
     212       1.0718
     213       1.1786
     214       1.0958
     215       1.0744
     216       0.9965
     217       0.9986
     218       1.0639
     219       1.0856
     220       1.0839
     221       1.1022
     222       1.0368
     223       1.0981
     224       1.0939
     225       1.0485
     226       1.1967
     227       1.1416
     228       1.1084
     229       1.1437
     230       1.1810
     231       1.0848
     232       1.0839
     233       1.1096
     234       1.2867
     235       1.2720
     236       1.2162
     237       1.3353
     238       1.2153
     239       1.2613
     240       1.2236
     241       1.1132
     242       1.3080
     243       1.2841
     244       1.2894
     245       1.3086
     246       1.3527
     247       1.2914
     248       1.3052
     249       1.2912
     250       1.2073
     251       1.1980
     252       1.2265
     253       1.0525
     254       1.1203
     255       1.1152
     256       1.3249
     257       1.1718
     258       1.1641
     259       1.1808
     260       1.1658
     261       1.2213
     262       1.1448
     263       1.2393
     264       1.3388
     265       1.2278
     266       1.1445
     267       1.2968
     268       1.2474
     269       1.3193
     270       1.1435
     271       1.3559
     272       1.1067
     273       1.1263
     274       1.1500
     275       1.1687
     276       1.1703
     277       1.0552
     278       1.1004
     279       1.1063
     280       0.9781
     281       1.1503
     282       1.1637
     283       1.0824
     284       1.2484
     285       0.9960
     286       0.9278
     287       1.0545
     288       1.0232
     289       0.9832
     290       1.1063
     291       1.0707
     292       1.0221
     293       1.0656
     294       1.1083
     295       1.1593
     296       1.0937
     297       1.0122
     298       1.1472
     299       1.1268
     300       1.1067
     301       1.2312
     302       1.3644
     303       1.1598
     304       1.1976
     305       1.1938
     306       1.0846
     307       1.0762
     308       1.1005
     309       1.2551
     310       1.1928
     311       1.2665
     312       1.2480
     313       1.2667
     314       1.2864
     315       1.2546
     316       1.2649
     317       1.2745
     318       1.3454
     319       1.2820
     320       1.2397
     321       1.2407
     322       1.2980
     323       1.2107
     324       1.3450
     325       1.2023
     326       1.1461
     327       1.2203
     328       1.1078
     329       1.2715
     330       1.1785
     331       1.1492
     332       1.1681
     333       1.0993
     334       1.1458
     335       1.1269
     336       1.1295
     337       1.2681
     338       1.3312
     339       1.1622
     340       1.2093
     341       1.2911
     342       1.1780
     343       1.2014
     344       1.2079
     345       1.1888
     346       1.1549
     347       1.1982
     348       1.1540
     349       1.2663
     350       1.1129
     351       1.1379
     352       0.9946
     353       1.1368
     354       1.0922
     355       1.0563
     356       1.0678
     357       1.0573
     358       1.1612
     359       1.0257
     360       1.1001
     361       1.0884
     362       1.1737
     363       1.0497
     364       1.1354
     365       1.1708
     366       1.1343
     367       1.1694
     368       1.1803
     369       1.0019
     370       1.1151
     371       1.2312
     372       1.2044
     373       1.0101
     374       1.1065
     375       1.2034
     376       1.1407
     377       0.9344
     378       1.1097
     379       1.1102
     380       1.3462
     381       1.1645
     382       1.1110
     383       1.0464
     384       1.0462
     385       1.1183
     386       1.1296
     387       1.2836
     388       1.1810
     389       1.1163
     390       1.2748
     391       1.2002
     392       1.0364
     393       1.0861
     394       1.0863
     395       1.0766
     396       1.1200
     397       1.0859
     398       1.1341
     399       1.1734
     400       1.2210
     401       1.1024
     402       1.2071
     403       1.2180
     404       1.1347
     405       1.0459
     406       1.2172
     407       1.2088
     408       1.2248
     409       1.3046
     410       1.2323
     411       1.1482
     412       1.1406
     413       1.2349
     414       1.2947
     415       1.3240
     416       1.2864
     417       1.2905
     418       1.2688
     419       1.2846
     420       1.2159
     421       1.3018
     422       1.4774
     423       1.3670
     424       1.3727
     425       1.4659
     426       1.2984
     427       1.3777
     428       1.3473
     429       1.3056
     430       1.2661
     431       1.1678
     432       1.2225
     433       1.1156
     434       1.2345
     435       1.3535
     436       1.1866
     437       1.2310
     438       1.1748
     439       1.0870
     440       1.1362
     441       1.1750
     442       1.1490
     443       1.1530
     444       1.3040
     445       1.2433
     446       1.3603
     447       1.2324
     448       1.2118
     449       1.1248
     450       1.2151
     451       1.1128
     452       1.3407
     453       1.1659
     454       1.1454
     455       1.1513
     456       1.0972
     457       1.1097
     458       1.0598
     459       1.2169
     460       1.1920
     461       1.2454
     462       1.2059
     463       1.1594
     464       1.2549
     465       1.1359
     466       1.1685
     467       1.0871
     468       1.0888
     469       1.1113
     470       1.1427
     471       1.2073
     472       1.1655
     473       1.1769
     474       1.1499
     475       1.2989
     476       1.1636
     477       1.2049
     478       1.1567
     479       1.2155
     480       1.2006
     481       1.4191
     482       1.3107
     483       1.1418
     484       1.1674
     485       1.3382
     486       1.2994
     487       1.0552
     488       1.0746
     489       0.9927
     490       1.0351
     491       1.2072
     492       1.1942
     493       1.3478
     494       1.2448
     495       1.2407
     496       1.2313
     497       1.1222
     498       1.0896
     499       0.9842
     500       0.9687
     501       1.2363
     502       1.4393
     503       1.4447
     504       1.3860
     505       1.3371
     506       1.1502
     507       1.1778
     508       1.2130
     509       1.1190
     510       1.2268
     511       1.1871
     512       1.2444
     513       1.1962
     514       1.1947
     515       1.3092
     516       1.1461
     517       1.2780
     518       1.1627
     519       1.1600
     520       1.2114
     521       1.1636
     522       1.0921
     523       1.1545
     524       1.2827
     525       1.0850
     526       1.2290
     527       1.3106
     528       1.1816
     529       1.1940
     530       1.2376
     531       1.1613
     532       1.2718
     533       1.1952
     534       1.2611
     535       1.2542
     536       1.2057
     537       1.1702
     538       1.1452
     539       1.1458
     540       1.1407
     541       1.1152
     542       1.1594
     543       1.1666
     544       1.1347
     545       1.2082
     546       1.0820
     547       1.0950
     548       1.0705
     549       1.0566
     550       1.1006
     551       1.1182
     552       1.2639
     553       1.3032
     554       1.2828
     555       1.3326
     556       1.2687
     557       1.2304
     558       1.1370
     559       1.1302
     560       1.2501
     561       1.2634
     562       1.2029
     563       1.2113
     564       1.2491
     565       1.2463
     566       1.3110
     567       1.2347
     568       1.2651
     569       1.1111
     570       1.1142
     571       1.3266
     572       1.2632
     573       1.1605
     574       1.1405
     575       1.1235
     576       1.1184
     577       1.1460
     578       1.2394
     579       1.2269
     580       1.2076
     581       1.3011
     582       1.2156
     583       1.0978
     584       1.2465
     585       1.1864
     586       1.1114
     587       1.2336
     588       1.2198
     589       1.0616
     590       1.0832
     591       1.0368
     592       1.0515
     593       1.1468
     594       1.2461
     595       1.1717
     596       1.1508
     597       1.0785
     598       1.1967
     599       1.1206
     600       1.2436
     601       1.1880
     602       1.0808
     603       1.2752
     604       1.2450
     605       1.2200
     606       1.2104
     607       1.2363
     608       1.2297
     609       1.2016
     610       1.1457
     611       1.2701
     612       1.1668
     613       1.1930
     614       1.1868
     615       1.0834
     616       1.3236
     617       1.2024
     618       1.1990
     619       1.1427
     620       1.0836
     621       1.0474
     622       1.1651
     623       0.9946
     624       1.1553
     625       1.1856
     626       1.0846
     627       1.1542
     628       1.1510
     629       1.1778
     630       1.2084
     631       1.1405
     632       1.2216
     633       1.1735
     634       1.0970
     635       1.0718
     636       1.1090
     637       1.0848
     638       1.1159
     639       1.1479
     640       1.1270
     641       1.0289
     642       1.0728
     643       1.0591
     644       1.0483
     645       1.0952
     646       1.1119
     647       1.1912
     648       1.0872
     649       1.1135
     650       1.1510
     651       1.1229
     652       1.1917
     653       1.2599
     654       1.2126
     655       1.2297
     656       1.2148
     657       1.1034
     658       1.0537
     659       1.1612
     660       1.0688
     661       1.1462
     662       1.1335
     663       1.1190
     664       1.2872
     665       1.3508
     666       1.1588
     667       1.2218
     668       1.1368
     669       1.2363
     670       1.2297
     671       1.2016
     672       1.1710
     673       1.1935
     674       1.2723
     675       1.3669
     676       1.3601
     677       1.1579
     678       1.0704
     679       1.2389
     680       1.2473
     681       1.2256
     682       1.3664
     683       1.2931
     684       1.3170
     685       1.3191
     686       1.1982
     687       1.2061
     688       1.2849
     689       1.2474
     690       1.3194
     691       1.1881
     692       1.1060
     693       1.2515
     694       1.1401
     695       1.1727
     696       1.3488
     697       1.2904
     698       1.0999
     699       1.0942
     700       1.2457
     701       1.2264
     702       1.1644
     703       1.1441
     704       1.2305
     705       1.2293
     706       1.2236
     707       1.1156
     708       1.1788
     709       0.9760
     710       1.1574
     711       1.2273
     712       1.1800
     713       1.0379
     714       1.1734
     715       1.0891
     716       1.1315
     717       1.1765
     718       1.0577
     719       1.1091
     720       1.1113
     721       1.1565
     722       1.1657
     723       1.1165
     724       1.2354
     725       1.0870
     726       1.2076
     727       1.2035
     728       1.1122
     729       1.1881
     730       1.0940
     731       1.1283
     732       1.1468
     733       1.1424
     734       1.2996
     735       1.1776
     736       1.2610
     737       1.2782
     738       1.2164
     739       1.2413
     740       1.1184
     741       1.1500
     742       1.0934
     743       1.1463
     744       1.0605
     745       1.2359
     746       1.1307
     747       1.0773
     748       1.1740
     749       0.9940
     750       1.0484
     751       1.0993
     752       1.0505
     753       0.9476
     754       1.0849
     755       1.0692
     756       1.1992
     757       1.1198
     758       1.1064
     759       1.1314
     760       1.1517
     761       1.2050
     762       1.0070
     763       1.0722
     764       1.1633
     765       1.0977
     766       1.2493
     767       0.9575
     768       1.1859
     769       1.1050
     770       1.1601
     771       1.2089
     772       1.1595
     773       0.9779
     774       1.1215
     775       1.1584
     776       1.0859
     777       1.2034
     778       1.1917
     779       1.1103
     780       1.0641
     781       1.1041
     782       1.0995
     783       1.1262
     784       1.1201
     785       1.0816
     786       1.0609
     787       1.2264
     788       1.1799
     789       1.0564
     790       1.2415
     791       1.2191
     792       1.3990
     793       1.3220
     794       1.2965
     795       1.1508
     796       1.2204
     797       1.2505
     798       1.2280
     799       1.3314
     800       1.2935
     801       1.2911
     802       1.2718
     803       1.3535
     804       1.4535
     805       1.3203
     806       1.3211
     807       1.2387
     808       1.3633
     809       1.4593
     810       1.4018
     811       1.3723
     812       1.3441
     813       1.3323
     814       1.3477
     815       1.2173
     816       1.1815
     817       1.3341
     818       1.2354
     819       1.2167
     820       1.2551
     821       1.2184
     822       1.2386
     823       1.3127
     824       1.2253
     825       1.3002
     826       1.3501
     827       1.2367
     828       1.2116
     829       1.2656
     830       1.2738
     831       1.2531
     832       1.3269
     833       1.2226
     834       1.2065
     835       1.2569
     836       1.2629
     837       1.2301
     838       1.1858
     839       1.1789
     840       1.2036
     841       1.1395
     842       1.2622
     843       1.4782
     844       1.2562
     845       1.2851
     846       1.3865
     847       1.1073
     848       1.3030
     849       1.2482
     850       1.1865
     851       1.1563
     852       1.1363
     853       1.2210
     854       1.1307
     855       1.2965
     856       1.2550
     857       1.2313
     858       1.3158
     859       1.2817
     860       1.3476
     861       1.2812
     862       1.2291
     863       1.2607
     864       1.2600
     865       1.2823
     866       1.4556
     867       1.3878
     868       1.3656
     869       1.3249
     870       1.3996
     871       1.1904
     872       1.3821
     873       1.3291
     874       1.2277
     875       1.2542
     876       1.3914
     877       1.1111
     878       1.2792
     879       1.2067
     880       1.3511
     881       1.3069
     882       1.1664
     883       1.2437
     884       1.2377
     885       1.2865
     886       1.3337
     887       1.3667
     888       1.2563
     889       1.1629
     890       1.2887
     891       1.3804
     892       1.2739
     893       1.3510
     894       1.2780
     895       1.2338
     896       1.2755
     897       1.2135
     898       1.3019
     899       1.2063
     900       1.3398
     901       1.2196
     902       1.1146
     903       1.2049
     904       1.2542
     905       1.2176
     906       1.1843
     907       1.2712
     908       1.2611
     909       1.3383
     910       1.2557
     911       1.3542
     912       1.3633
     913       1.3390
     914       1.4617
     915       1.4575
     916       1.4083
     917       1.3204
     918       1.2769
     919       1.4238
     920       1.5312
     921       1.5632
     922       1.4122
     923       1.3437
     924       1.3512
     925       1.3445
     926       1.4376
     927       1.3303
     928       1.3575
     929       1.2285
     930       1.3201
     931       1.3962
     932       1.4575
     933       1.4917
     934       1.3312
     935       1.2520
     936       1.3999
     937       1.2916
     938       1.2549
     939       1.1409
     940       1.2891
     941       1.3657
     942       1.4687
     943       1.4108
     944       1.4742
     945       1.4708
     946       1.4039
     947       1.3403
     948       1.3036
     949       1.2680
     950       1.3312
     951       1.2267
     952       1.2882
     953       1.2462
     954       1.2321
     955       1.3461
     956       1.3762
     957       1.1805
     958       1.1060
     959       1.3069
     960       1.3158
     961       1.2300
     962       1.1210
     963       1.3039
     964       1.4526
     965       1.1517
     966       1.2636
     967       1.2808
     968       1.2732
     969       1.2115
     970       1.4541
     971       1.4486
     972       1.2625
     973       1.3271
     974       1.2140
     975       1.4580
     976       1.1629
     977       1.2438
     978       1.1282
     979       1.2506
     980       1.2648
     981       1.3607
     982       1.3074
     983       1.2159
     984       1.1480
     985       1.2672
     986       1.1952
     987       1.1512
     988       1.4022
     989       1.3046
     990       1.3880
     991       1.2543
     992       1.2288
     993       1.2097
     994       1.1887
     995       1.1667
     996       1.2472
     997       1.2000
     998       1.1559
     999       1.2380
    1000       1.1924
    1001       1.1701
    1002       1.2335
    1003       1.1153
    1004       0.9843
    1005       1.0430
    1006       1.0840
    1007       1.0711
    1008       1.1421
    1009       1.1595
    1010       1.1502
    1011       1.1441
    1012       1.0712
    1013       1.0493
    1014       1.0570
    1015       1.1254
    1016       1.1293
    1017       1.2421
    1018       1.2119
    1019       1.0553
    1020       1.0140
    1021       1.1460
    1022       1.1317
    1023       1.1599
    1024       1.0901
    1025       1.1210
    1026       0.9709
    1027       1.0338
    1028       1.1096
    1029       1.0182
    1030       0.9616
    1031       1.0572
    1032       1.0120
    1033       1.0252
    1034       0.9901
    1035       1.0543
    1036       1.1185
    1037       1.0908
    1038       1.1046
    1039       1.1308
    1040       1.1184
    1041       1.2164
    1042       1.2134
    1043       1.0406
    1044       0.9871
    1045       1.1399
    1046       1.1051
    1047       1.0551
    1048       1.0585
    1049       1.1032
    1050       1.0052
    1051       1.0240
    1052       1.0548
    1053       1.0833
    1054       0.9314
    1055       0.9768
    1056       1.0302
    1057       1.0823
    1058       0.9795
    1059       1.0939
    1060       1.0667
    1061       1.0353
    1062       0.9968
    1063       1.0483
    1064       0.9733
    1065       1.0088
    1066       1.1390
    1067       0.9732
    1068       1.1491
    1069       1.0371
    1070       1.0820
    1071       1.0313
    1072       1.1435
    1073       1.0307
    1074       1.0307
    1075       1.1275
    1076       1.0155
    1077       1.0987
    1078       1.0613
    1079       1.0264
    1080       1.0392
    1081       1.1067
    1082       1.0210
    1083       1.0556
    1084       1.1228
    1085       1.2005
    1086       1.0579
    1087       1.1499
    1088       1.1502
    1089       1.1213
    1090       1.1633
    1091       1.1200
    1092       1.1018
    1093       1.1600
    1094       1.0763
    1095       0.9993
    1096       1.1456
    1097       1.1148
    1098       1.0954
    1099       1.0705
    1100       1.0271
    1101       1.0766
    1102       1.1755
    1103       1.1695
    1104       1.1183
    1105       1.1869
    1106       1.2290
    1107       1.2347
    1108       1.1584
    1109       1.0556
    1110       1.1452
    1111       1.1289
    1112       1.1481
    1113       1.1982
    1114       1.1910
    1115       1.2560
    1116       1.1873
    1117       1.1340
    1118       1.1224
    1119       1.1609
    1120       1.0745
    1121       1.0455
    1122       1.1923
    1123       1.0915
    1124       1.0776
    1125       1.0280
    1126       1.1623
    1127       1.1676
    1128       1.0457
    1129       1.0955
    1130       1.0706
    1131       1.0163
    1132       1.0012
    1133       1.0304
    1134       1.0993
    1135       1.1030
    1136       1.0384
    1137       1.1471
    1138       1.1288
    1139       1.1816
    1140       1.0945
    1141       1.0411
    1142       1.1397
    1143       1.1139
    1144       1.1466
    1145       0.9896
    1146       1.1042
    1147       1.1667
    1148       1.1817
    1149       1.2587
    1150       1.1249
    1151       1.0580
    1152       1.1265
    1153       1.1460
    1154       1.1344
    1155       1.1715
    1156       1.1166
    1157       1.1047
    1158       1.0379
    1159       1.0573
    1160       1.1503
    1161       1.0972
    1162       1.0911
    1163       1.2303
    1164       1.1781
    1165       1.2495
    1166       1.1207
    1167       1.1292
    1168       1.0278
    1169       1.0703
    1170       1.0820
    1171       1.0314
    1172       0.9534
    1173       0.9888
    1174       1.0212
    1175       0.9608
    1176       0.9947
    1177       0.9742
    1178       1.0610
    1179       0.9554
    1180       1.0435
    1181       1.0116
    1182       0.9972
    1183       0.9708
    1184       1.0014
    1185       0.9653
    1186       0.9827
    1187       1.0944
    1188       0.9328
    1189       1.0296
    1190       1.0591
    1191       1.0399
    1192       0.9549
    1193       1.1156
    1194       1.0785
    1195       1.1521
    1196       1.1475
    1197       1.1857
    1198       1.0551
    1199       1.0580
    1200       1.0258
    1201       1.0499
    1202       1.1044
    1203       1.0091
    1204       1.0654
    1205       1.1001
    1206       1.0141
    1207       1.0165
    1208       1.0848
    1209       1.0998
    1210       1.1699
    1211       0.9810
    1212       1.0376
    1213       1.0873
    1214       1.0288
    1215       1.0032
    1216       1.0929
    1217       1.0589
    1218       0.9882
    1219       0.9960
    1220       1.0743
    1221       1.0291
    1222       1.0898
    1223       1.0556
    1224       1.0498
    1225       0.9892
    1226       0.9689
    1227       1.0138
    1228       1.0199
    1229       1.0631
    1230       1.0851
    1231       1.0450
    1232       0.9758
    1233       1.0568
    1234       1.0095
    1235       0.9730
    1236       0.9468
    1237       1.0546
    1238       1.0622
    1239       1.0300
    1240       1.0559
    1241       0.9778
    1242       1.0978
    1243       1.0504
    1244       1.0472
    1245       1.0549
    1246       1.0912
    1247       1.0524
    1248       1.0743
    1249       1.0339
    1250       1.0758
    1251       1.0299
    1252       1.0789
    1253       1.0433
    1254       1.0971
    1255       1.0705
    1256       1.0229
    1257       0.9837
    1258       0.9609
    1259       0.9774
    1260       1.1156
    1261       1.0337
    1262       1.0312
    1263       1.0041
    1264       0.9329
    1265       0.9819
    1266       1.0228
    1267       1.0289
    1268       0.9859
    1269       1.0014
    1270       0.9277
    1271       1.0676
    1272       1.0952
    1273       1.0141
    1274       1.0180
    1275       1.0168
    1276       1.0345
    1277       1.0762
    1278       0.9596
    1279       0.9621
    1280       0.9099
    1281       1.0172
    1282       1.0261
    1283       0.9691
    1284       1.0000
    1285       1.0956
    1286       1.1906
    1287       1.1188
    1288       1.1450
    1289       1.0947
    1290       1.0501
    1291       1.0445
    1292       1.1161
    1293       0.9866
    1294       1.0838
    1295       1.0154
    1296       1.1169
    1297       1.0148
    1298       0.9982
    1299       1.0184
    1300       1.0661
    1301       1.0003
    1302       1.0904
    1303       1.0130
    1304       0.9854
    1305       1.0082
    1306       0.9797
    1307       1.0048
    1308       1.0443
    1309       0.9874
    1310       1.0331
    1311       1.0848
    1312       1.1192
    1313       0.9731
    1314       1.0087
    1315       0.9865
    1316       1.1048
    1317       1.0851
    1318       1.0999
    1319       1.1063
    1320       1.0986
    1321       1.0528
    1322       1.1147
    1323       1.0608
    1324       1.0316
    1325       1.0396
    1326       1.0205
    1327       1.1259
    1328       0.9949
    1329       1.0815
    1330       1.1685
    1331       1.1244
    1332       1.0541
    1333       1.0982
    1334       1.1275
    1335       1.0564
    1336       1.2322
    1337       1.2791
    1338       1.3560
    1339       1.2613
    1340       1.0771
    1341       1.1655
    1342       1.0190
    1343       1.0429
    1344       1.0014
    1345       0.9945
    1346       0.9499
    1347       1.0309
    1348       1.0058
    1349       1.0142
    1350       1.0755
    1351       1.0187
    1352       1.0490
    1353       0.9640
    1354       1.0286
    1355       1.0213
    1356       1.1241
    1357       1.1206
    1358       1.1184
    1359       1.1800
    1360       1.2832
    1361       1.2904
    1362       1.2825
    1363       1.3930
    1364       1.4421
    1365       1.3761
    1366       1.4787
    1367       1.3797
    1368       1.3680
    1369       1.3039
    1370       1.2008
    1371       1.3050
    1372       1.4158
    1373       1.4235
    1374       1.3148
    1375       1.3836
    1376       1.3827
    1377       1.3326
    1378       1.3457
    1379       1.3236
    1380       1.4358
    1381       1.4294
    1382       1.3636
    1383       1.3111
    1384       1.3211
    1385       1.3101
    1386       1.3928
    1387       1.3724
    1388       1.3380
    1389       1.3869
    1390       1.4049
    1391       1.4013
    1392       1.4742
    1393       1.4148
    1394       1.4473
    1395       1.3231
    1396       1.3193
    1397       1.3180
    1398       1.2879
    1399       1.3000
    1400       1.2019
    1401       1.2537
    1402       1.1441
    1403       1.2914
    1404       1.2110
    1405       1.3005
    1406       1.1827
    1407       1.2900
    1408       1.2942
    1409       1.2634
    1410       1.3959
    1411       1.2011
    1412       1.2364
    1413       1.1577
    1414       1.2340
    1415       1.3711
    1416       1.3502
    1417       1.4874
    1418       1.2802
    1419       1.2056
    1420       1.2415
    1421       1.1598
    1422       1.1253
    1423       1.0834
    1424       1.0860
    1425       1.1152
    1426       1.2042
    1427       1.1787
    1428       1.1615
    1429       1.1362
    1430       1.0995
    1431       1.1588
    1432       1.1486
    1433       1.1275
    1434       1.1532
    1435       1.0827
    1436       1.1947
    1437       1.1409
    1438       1.0912
    1439       1.0452
    1440       1.1395
    1441       1.2728
    1442       1.1078
    1443       1.2482
    1444       1.1836
    1445       1.1674
    1446       1.1514
    1447       1.1831
    1448       1.2101
    1449       1.2535
    1450       1.1091
    1451       1.2155
    1452       1.0860
    1453       1.2656
    1454       1.1948
    1455       1.2032
    1456       1.2219
    1457       1.1986
    1458       1.1952
    1459       1.2810
    1460       1.3057
    1461       1.2928
    1462       1.2646
    1463       1.2565
    1464       1.3013
    1465       1.3031
    1466       1.1937
    1467       1.2613
    1468       1.1817
    1469       1.3214
    1470       1.3359
    1471       1.2260
    1472       1.2707
    1473       1.2138
    1474       1.2035
    1475       1.2002
    1476       1.1988
    1477       1.2127
    1478       1.3140
    1479       1.2091
    1480       1.3212
    1481       1.1398
    1482       1.2383
    1483       1.2182
    1484       1.2833
    1485       1.3356
    1486       1.2540
    1487       1.3135
    1488       1.2748
    1489       1.3483
    1490       1.2508
    1491       1.3492
    1492       1.2069
    1493       1.1462
    1494       1.2756
    1495       1.1749
    1496       1.1595
    1497       1.1423
    1498       1.0801
    1499       1.2348
    1500       1.3011
    1501       1.3163
    1502       1.2852
    1503       1.2961
    1504       1.1821
    1505       1.2896
    1506       1.2198
    1507       1.2674
    1508       1.1255
    1509       1.2514
    1510       1.2942
    1511       1.2665
    1512       1.3420
    1513       1.2103
    1514       1.1072
    1515       1.2029
    1516       1.1961
    1517       1.2742
    1518       1.1662
    1519       1.2123
    1520       1.1929
    1521       1.0874
    1522       1.1945
    1523       1.1484
    1524       1.2692
    1525       1.1595
    1526       1.3814
    1527       1.2036
    1528       1.2303
    1529       1.2776
    1530       1.2290
    1531       1.0792
    1532       1.1115
    1533       1.1736
    1534       1.1675
    1535       1.1923
    1536       1.1018
    1537       1.0823
    1538       1.1129
    1539       1.1592
    1540       1.0752
    1541       1.0737
    1542       1.1038
    1543       1.2308
    1544       1.1492
    1545       1.1660
    1546       1.1789
    1547       1.2523
    1548       1.2145
    1549       1.2243
    1550       1.1529
    1551       1.2463
    1552       1.1451
    1553       1.1913
    1554       1.2239
    1555       1.2810
    1556       1.1149
    1557       1.2240
    1558       1.1769
    1559       1.1321
    1560       1.3937
    1561       1.1875
    1562       1.1883
    1563       1.2113
    1564       1.3192
    1565       1.3304
    1566       1.2293
    1567       1.1873
    1568       1.1567
    1569       1.2446
    1570       1.2365
    1571       1.2431
    1572       1.2168
    1573       1.1878
    1574       1.3089
    1575       1.2973
    1576       1.2074
    1577       1.2675
    1578       1.2332
    1579       1.1557
    1580       1.3010
    1581       1.3022
    1582       1.1777
    1583       1.1688
    1584       1.2060
    1585       1.2140
    1586       1.2035
    1587       1.3384
    1588       1.1438
    1589       1.3300
    1590       1.1965
    1591       1.2443
    1592       1.2557
    1593       1.2146
    1594       1.1203
    1595       1.1299
    1596       1.2111
    1597       1.0958
    1598       1.1197
    1599       1.1420
    1600       1.2587
    1601       1.1615
    1602       1.2156
    1603       1.1894
    1604       1.1132
    1605       1.2304
    1606       1.1908
    1607       1.1752
    1608       1.2031
    1609       1.3038
    1610       1.2371
    1611       1.1413
    1612       1.2511
    1613       1.2139
    1614       1.1058
    1615       1.2424
    1616       1.2067
    1617       1.1842
    1618       1.1969
    1619       1.1406
    1620       1.1147
    1621       1.2048
    1622       1.2490
    1623       1.1677
    1624       1.2097
    1625       1.1860
    1626       1.2458
    1627       1.2790
    1628       1.2752
    1629       1.2218
    1630       1.2687
    1631       1.2467
    1632       1.2831
    1633       1.1768
    1634       1.1780
    1635       1.2678
    1636       1.1147
    1637       1.1132
    1638       1.2263
    1639       1.2125
    1640       1.2546
    1641       1.2900
    1642       1.2042
    1643       1.4111
    1644       1.3261
    1645       1.4063
    1646       1.3789
    1647       1.2399
    1648       1.2873
    1649       1.3534
    1650       1.3105
    1651       1.3497
    1652       1.3765
    1653       1.3478
    1654       1.3580
    1655       1.3003
    1656       1.3065
    1657       1.3924
    1658       1.3396
    1659       1.3539
    1660       1.3104
    1661       1.3236
    1662       1.2790
    1663       1.2751
    1664       1.3106
    1665       1.2816
    1666       1.2372
    1667       1.2399
    1668       1.3048
    1669       1.2719
    1670       1.2107
    1671       1.2081
    1672       1.2037
    1673       1.2141
    1674       1.2339
    1675       1.2288
    1676       1.1886
    1677       1.3022
    1678       1.2859
    1679       1.2339
    1680       1.3216
    1681       1.1412
    1682       1.1781
    1683       1.2661
    1684       1.2304
    1685       1.1886
    1686       1.1962
    1687       1.2257
    1688       1.2831
    1689       1.1418
    1690       1.1255
    1691       1.2005
    1692       1.2428
    1693       1.1936
    1694       1.1782
    1695       1.2665
    1696       1.2258
    1697       1.2662
    1698       1.3013
    1699       1.3228
    1700       1.3378
    1701       1.2683
    1702       1.3074
    1703       1.3699
    1704       1.4058
    1705       1.4666
    1706       1.2330
    1707       1.2695
    1708       1.2315
    1709       1.2029
    1710       1.2942
    1711       1.2591
    1712       1.1961
    1713       1.2958
    1714       1.3283
    1715       1.2171
    1716       1.2253
    1717       1.2445
    1718       1.3588
    1719       1.3382
    1720       1.3725
    1721       1.3122
    1722       1.3583
    1723       1.3467
    1724       1.3655
    1725       1.2616
    1726       1.3126
    1727       1.2639
    1728       1.3565
    1729       1.3188
    1730       1.3376
    1731       1.2519
    1732       1.4588
    1733       1.4551
    1734       1.4209
    1735       1.4701
    1736       1.5452
    1737       1.4890
    1738       1.4465
    1739       1.3534
    1740       1.2528
    1741       1.1503
    1742       1.3019
    1743       1.2682
    1744       1.2331
    1745       1.1795
    1746       1.1878
    1747       1.4103
    1748       1.4153
    1749       1.3459
    1750       1.3844
    1751       1.3910
    1752       1.3562
    1753       1.3406
    1754       1.5275
    1755       1.5656
    1756       1.5005
    1757       1.4696
    1758       1.4848
    1759       1.5870
    1760       1.4050
    1761       1.4082
    1762       1.3908
    1763       1.3410
    1764       1.3624
    1765       1.4102
    1766       1.3235
    1767       1.3626
    1768       1.2632
    1769       1.3522
    1770       1.2831
    1771       1.3870
    1772       1.2672
    1773       1.3400
    1774       1.3072
    1775       1.3790
    1776       1.4342
    1777       1.4609
    1778       1.4461
    1779       1.4597
    1780       1.3493
    1781       1.4281
    1782       1.4011
    1783       1.4167
    1784       1.4005
    1785       1.4316
    1786       1.5088
    1787       1.4805
    1788       1.4202
    1789       1.2767
    1790       1.4477
    1791       1.3386
    1792       1.3744
    1793       1.4944
    1794       1.3895
    1795       1.3799
    1796       1.4525
    1797       1.4389
    1798       1.3838
    1799       1.1715
    1800       1.2816
    1801       1.3908
    1802       1.4987
    1803       1.3686
    1804       1.3513
    1805       1.4380
    1806       1.3511
    1807       1.3573
    1808       1.3495
    1809       1.2249
    1810       1.2663
    1811       1.3270
    1812       1.2314
    1813       1.1720
    1814       1.2515
    1815       1.2940
    1816       1.2588
    1817       1.1986
    1818       1.2336
    1819       1.2272
    1820       1.2364
    1821       1.3202
    1822       1.3215
    1823       1.2979
    1824       1.3404
    1825       1.3768
    1826       1.3984
    1827       1.3593
    1828       1.4131
    1829       1.3525
    1830       1.4558
    1831       1.3503
    1832       1.3956
    1833       1.4562
    1834       1.5020
    1835       1.5362
    1836       1.4696
    1837       1.4621
    1838       1.3455
    1839       1.2396
    1840       1.3426
    1841       1.2908
    1842       1.2118
    1843       1.4120
    1844       1.3249
    1845       1.3475
    1846       1.3886
    1847       1.4391
    1848       1.3965
    1849       1.3336
    1850       1.3378
    1851       1.3265
    1852       1.4026
    1853       1.3308
    1854       1.4009
    1855       1.3644
    1856       1.3218
    1857       1.3321
    1858       1.2898
    1859       1.3243
    1860       1.3946
    1861       1.2372
    1862       1.3317
    1863       1.4800
    1864       1.3482
    1865       1.4018
    1866       1.3317
    1867       1.4520
    1868       1.3856
    1869       1.3111
    1870       1.2583
    1871       1.2952
    1872       1.2980
    1873       1.4000
    1874       1.3889
    1875       1.3644
    1876       1.5167
    1877       1.5366
    1878       1.4468
    1879       1.4138
    1880       1.3918
    1881       1.4682
    1882       1.2886
    1883       1.3170
    1884       1.4841
    1885       1.5009
    1886       1.3745
    1887       1.4250
    1888       1.4214
    1889       1.4573
    1890       1.5117
    1891       1.3314
    1892       1.3565
    1893       1.5856
    1894       1.3826
    1895       1.2908
    1896       1.3838
    1897       1.5065
    1898       1.4368
    1899       1.3852
    1900       1.4932
    1901       1.5050
    1902       1.4103
    1903       1.4701
    1904       1.5224
    1905       1.4046
    1906       1.4414
    1907       1.4324
    1908       1.4034
    1909       1.5298
    1910       1.4884
    1911       1.4832
    1912       1.5119
    1913       1.4110
    1914       1.3572
    1915       1.2471
    1916       1.4434
    1917       1.2997
    1918       1.3517
    1919       1.2607
    1920       1.3449
    1921       1.3588
    1922       1.4128
    1923       1.3201
    1924       1.2647
    1925       1.2201
    1926       1.3034
    1927       1.3512
    1928       1.4254
    1929       1.4662
    1930       1.3331
    1931       1.4164
    1932       1.2698
    1933       1.3229
    1934       1.4688
    1935       1.3068
    1936       1.3510
    1937       1.2112
    1938       1.3661
    1939       1.3581
    1940       1.4334
    1941       1.3350
    1942       1.3302
    1943       1.3325
    1944       1.4738
    1945       1.3602
    1946       1.4121
    1947       1.3134
    1948       1.2823
    1949       1.4306
    1950       1.3895
    1951       1.4429
    1952       1.3974
    1953       1.4401
    1954       1.4276
    1955       1.4036
    1956       1.4106
    1957       1.4444
    1958       1.4035
    1959       1.4487
    1960       1.3688
    1961       1.3116
    1962       1.4641
    1963       1.3561
    1964       1.3963
    1965       1.5405
    1966       1.7201
    1967       1.7343
    1968       1.6864
    1969       1.6437
    1970       1.5689
    1971       1.5742
    1972       1.6795
    1973       1.8093
    1974       1.6757
    1975       1.5760
    1976       1.6606
    1977       1.5500
    1978       1.5818
    1979       1.7498
    1980       1.6258
    1981       1.5121
    1982       1.4461
    1983       1.4235
    1984       1.5254
    1985       1.4980
    1986       1.6011
    1987       1.4807
    1988       1.8085
    1989       1.4762
    1990       1.6155
    1991       1.5239
    1992       1.3945
    1993       1.6755
    1994       1.5171
    1995       1.5614
    1996       1.5499
    1997       1.7538
    1998       1.4965
    1999       1.5010
    2000       1.5691
    2001       1.6218
    2002       1.7148
    2003       1.6176
    2004       1.6533
    2005       1.6270
    2006       1.5953
    2007       1.5092
    2008       1.5103
    2009       1.4424
    2010       1.3873
    2011       1.2230
    2012       1.1243
    2013       1.1047
    2014       1.2001
    2015       1.0887
    2016       1.1047
    2017       1.2542
    2018       1.2390
    2019       1.3581
    2020       1.4308
    2021       1.4545
    2022       1.2575
    2023       1.2686
    2024       1.4238
    2025       1.3194
    2026       1.3415
    2027       1.3204
    2028       1.2601
    2029       1.3593
    2030       1.2451
    2031       1.1642
    2032       1.1018
    2033       1.2647
    2034       1.2351
    2035       1.1326
    2036       1.0736
    2037       1.1095
    2038       1.0767
    2039       1.1019
    2040       1.3008
    2041       1.1118
    2042       1.1726
    2043       1.1573
    2044       1.0973
    2045       1.1079
    2046       1.1610
    2047       1.3052
    2048       1.2142
    2049       1.1710
    2050       1.0772
    2051       1.2358
    2052       1.2742
    2053       1.1713
    2054       1.1306
    2055       1.2502
    2056       1.2580
    2057       1.3562
    2058       1.1717
    2059       1.2388
    2060       1.2671
    2061       1.2529
    2062       1.1596
    2063       1.1691
    2064       1.1825
    2065       1.3018
    2066       1.1536
    2067       1.2293
    2068       1.1234
    2069       1.1971
    2070       1.2292
    2071       1.1998
    2072       1.2347
    2073       1.2283
    2074       1.2477
    2075       1.2340
    2076       1.2427
    2077       1.2804
    2078       1.1998
    2079       1.3234
    2080       1.3293
    2081       1.3738
    2082       1.4753
    2083       1.3701
    2084       1.3857
    2085       1.4771
    2086       1.6615
    2087       1.4733
    2088       1.2927
    2089       1.4425
    2090       1.4101
    2091       1.1823
    2092       1.1262
    2093       1.1941
    2094       1.2700
    2095       1.1234
    2096       1.3878
    2097       1.3144
    2098       1.2262
    2099       1.2015
    2100       1.3869
    2101       1.2352
    2102       1.1983
    2103       1.3317
    2104       1.1581
    2105       1.1473
    2106       1.2022
    2107       1.2341
    2108       1.1520
    2109       1.2646
    2110       1.1055
    2111       1.1538
    2112       1.1002
    2113       1.1439
    2114       1.0595
    2115       1.0556
    2116       1.0929
    2117       1.0608
    2118       1.3662
    2119       1.1817
    2120       1.3322
    2121       1.1743
    2122       1.1961
    2123       1.1490
    2124       1.1622
    2125       1.3200
    2126       1.1599
    2127       1.1226
    2128       1.2844
    2129       1.1596
    2130       1.1851
    2131       1.0218
    2132       1.3510
    2133       1.3328
    2134       1.3183
    2135       1.3434
    2136       1.5112
    2137       1.5448
    2138       1.5388
    2139       1.4898
    2140       1.5866
    2141       1.5963
    2142       1.5131
    2143       1.5110
    2144       1.4315
    2145       1.6020
    2146       1.4828
    2147       1.7691
    2148       1.5171
    2149       1.5326
    2150       1.4518
    2151       1.5709
    2152       1.4957
    2153       1.5367
    2154       1.6187
    2155       1.5478
    2156       1.4091
    2157       1.5197
    2158       1.4799
    2159       1.3525
    2160       1.4707
    2161       1.6399
    2162       1.3839
    2163       1.5111
    2164       1.4760
    2165       1.5697
    2166       1.5130
    2167       1.4753
    2168       1.4149
    2169       1.4885
    2170       1.4230
    2171       1.5254
    2172       1.4986
    2173       1.5094
    2174       1.5503
    2175       1.4649
    2176       1.5017
    2177       1.5654
    2178       1.4375
    2179       1.5967
    2180       1.4035
    2181       1.4868
    2182       1.4529
    2183       1.5414
    2184       1.5914
    2185       1.4656
    2186       1.5640
    2187       1.5341
    2188       1.5902
    2189       1.6487
    2190       1.6266
    2191       1.2817
    2192       1.2588
    2193       1.2692
    2194       1.3157
    2195       1.3560
    2196       1.4555
    2197       1.4184
    2198       1.2801
    2199       1.4609
    2200       1.4742
    2201       1.5153
    2202       1.5440
    2203       1.5295
    2204       1.4647
    2205       1.4024
    2206       1.3318
    2207       1.5182
    2208       1.4501
    2209       1.4375
    2210       1.3797
    2211       1.4968
    2212       1.4278
    2213       1.4147
    2214       1.3603
    2215       1.5009
    2216       1.4683
    2217       1.3836
    2218       1.3433
    2219       1.5176
    2220       1.4762
    2221       1.3716
    2222       1.3505
    2223       1.3938
    2224       1.4647
    2225       1.4762
    2226       1.4630
    2227       1.4999
    2228       1.7184
    2229       1.5608
    2230       1.3545
    2231       1.4582
    2232       1.4252
    2233       1.3108
    2234       1.4643
    2235       1.4476
    2236       1.5308
    2237       1.5502
    2238       1.4234
    2239       1.3276
    2240       1.3641
    2241       1.2906
    2242       1.3243
    2243       1.4015
    2244       1.3857
    2245       1.4448
    2246       1.3669
    2247       1.4638
    2248       1.5239
    2249       1.5469
    2250       1.4912
    2251       1.4021
    2252       1.3659
    2253       1.4016
    2254       1.4488
    2255       1.4579
    2256       1.6032
    2257       1.5104
    2258       1.3854
    2259       1.3285
    2260       1.2996
    2261       1.0699
    2262       1.2663
    2263       1.1652
    2264       1.1978
    2265       1.1360
    2266       1.2071
    2267       1.2534
    2268       1.3036
    2269       1.2304
    2270       1.1784
    2271       1.2394
    2272       1.2353
    2273       1.2439
    2274       1.1857
    2275       1.2447
    2276       1.3382
    2277       1.2550
    2278       1.2718
    2279       1.1681
    2280       1.1939
    2281       1.3113
    2282       1.2305
    2283       1.1968
    2284       1.2248
    2285       1.2387
    2286       1.3587
    2287       1.4245
    2288       1.3991
    2289       1.4113
    2290       1.2684
    2291       1.3687
    2292       1.3690
    2293       1.2744
    2294       1.3609
    2295       1.2658
    2296       1.1386
    2297       1.2228
    2298       1.1425
    2299       1.1857
    2300       1.3100
    2301       1.2792
    2302       1.3111
    2303       1.2784
    2304       1.2062
    2305       1.1611
    2306       1.1775
    2307       1.1637
    2308       1.0683
    2309       1.1920
    2310       1.2829
    2311       1.3129
    2312       1.2231
    2313       1.1349
    2314       1.2468
    2315       1.2449
    2316       1.0907
    2317       1.2662
    2318       1.1839
    2319       1.2124
    2320       1.0671
    2321       1.1498
    2322       1.3735
    2323       1.1857
    2324       1.2931
    2325       1.3498
    2326       1.2500
    2327       1.2034
    2328       1.2397
    2329       1.2855
    2330       1.2410
    2331       1.1463
    2332       1.1725
    2333       1.1694
    2334       1.3976
    2335       1.4670
    2336       1.3202
    2337       1.4464
    2338       1.2722
    2339       1.1604
    2340       1.4394
    2341       1.3836
    2342       1.3295
    2343       1.2913
    2344       1.2170
    2345       1.2626
    2346       1.1823
    2347       1.2528
    2348       1.1654
    2349       1.2196
    2350       1.2552
    2351       1.3403
    2352       1.1882
    2353       1.2229
    2354       1.4422
    2355       1.2778
    2356       1.3277
    2357       1.2540
    2358       1.3271
    2359       1.3240
    2360       1.3412
    2361       1.3437
    2362       1.2499
    2363       1.3277
    2364       1.2904
    2365       1.2069
    2366       1.1420
    2367       1.0874
    2368       1.1451
    2369       1.1007
    2370       1.1236
    2371       1.1926
    2372       1.1411
    2373       1.1723
    2374       1.1378
    2375       1.1270
    2376       1.1891
    2377       1.1743
    2378       1.2683
    2379       1.2532
    2380       1.1784
    2381       1.1632
    2382       1.2151
    2383       1.1426
    2384       1.1353
    2385       1.1867
    2386       1.0945
    2387       1.2311
    2388       1.0676
    2389       1.2230
    2390       1.1921
    2391       1.1463
    2392       1.1376
    2393       1.2011
    2394       1.2688
    2395       1.0956
    2396       1.1878
    2397       1.2351
    2398       1.0696
    2399       1.1983
    2400       1.1536
    2401       1.1976
    2402       1.0051
    2403       1.0619
    2404       1.0505
    2405       1.1193
    2406       1.0813
    2407       1.1108
    2408       1.1111
    2409       1.0975
    2410       1.1104
    2411       1.1107
    2412       1.1858
    2413       1.1130
    2414       1.2190
    2415       1.2178
    2416       1.1693
    2417       1.2260
    2418       1.1601
    2419       1.2027
    2420       1.2045
    2421       1.1713
    2422       1.1413
    2423       1.1476
    2424       1.0735
    2425       1.1983
    2426       1.1943
    2427       1.0975
    2428       1.1936
    2429       1.2365
    2430       1.2185
    2431       1.1813
    2432       1.1644
    2433       1.1808
    2434       1.1803
    2435       1.1731
    2436       1.1957
    2437       1.1556
    2438       1.1714
    2439       1.1447
    2440       1.1748
    2441       1.3095
    2442       1.1899
    2443       1.2497
    2444       1.2021
    2445       1.2014
    2446       1.3144
    2447       1.2941
    2448       1.3458
    2449       1.4261
    2450       1.4846
    2451       1.4023
    2452       1.2870
    2453       1.3733
    2454       1.3642
    2455       1.3181
    2456       1.4082
    2457       1.2933
    2458       1.3745
    2459       1.3015
    2460       1.2535
    2461       1.2474
    2462       1.3803
    2463       1.3322
    2464       1.2029
    2465       1.3719
    2466       1.3581
    2467       1.4337
    2468       1.2277
    2469       1.3330
    2470       1.3160
    2471       1.4465
    2472       1.4039
    2473       1.2592
    2474       1.2826
    2475       1.3972
    2476       1.2675
    2477       1.2836
    2478       1.4592
    2479       1.2510
    2480       1.4067
    2481       1.5705
    2482       1.4357
    2483       1.3807
    2484       1.4102
    2485       1.5230
    2486       1.2908
    2487       1.3432
    2488       1.4338
    2489       1.4116
    2490       1.3284
    2491       1.2635
    2492       1.2051
    2493       1.1835
    2494       1.2427
    2495       1.3327
    2496       1.3285
    2497       1.2628
    2498       1.3379
    2499       1.2749
    2500       1.3059
    2501       1.3100
    2502       1.3591
    2503       1.2735
    2504       1.2956
    2505       1.2547
    2506       1.2052
    2507       1.2052
    2508       1.0955
    2509       1.1683
    2510       1.1769
    2511       1.1538
    2512       1.2146
    2513       1.2623
    2514       1.1569
    2515       1.0733
    2516       1.3188
    2517       1.2379
    2518       1.2055
    2519       1.2966
    2520       1.0905
    2521       1.1689
    2522       1.1131
    2523       1.1241
    2524       1.1843
    2525       1.1962
    2526       1.2670
    2527       1.2268
    2528       1.1661
    2529       1.2584
    2530       1.2646
    2531       1.1727
    2532       1.2067
    2533       1.1521
    2534       1.1600
    2535       1.2334
    2536       1.2312
    2537       1.1599
    2538       1.2082
    2539       1.3509
    2540       1.2727
    2541       1.2881
    2542       1.2845
    2543       1.1339
    2544       1.2270
    2545       1.2217
    2546       1.1540
    2547       1.3136
    2548       1.2854
    2549       1.4017
    2550       1.1373
    2551       1.3090
    2552       1.1193
    2553       1.2938
    2554       1.2412
    2555       1.2110
    2556       1.1514
    2557       1.3603
    2558       1.3356
    2559       1.3140
    2560       1.2076
    2561       1.2219
    2562       1.1606
    2563       1.2985
    2564       1.2749
    2565       1.3038
    2566       1.1684
    2567       1.1771
    2568       1.3043
    2569       1.2624
    2570       1.3530
    2571       1.3332
    2572       1.2325
    2573       1.2252
    2574       1.2582
    2575       1.2944
    2576       1.1835
    2577       1.2349
    2578       1.2483
    2579       1.2493
    2580       1.2800
    2581       1.1006
    2582       1.2927
    2583       1.2668
    2584       1.1620
    2585       1.1657
    2586       1.2534
    2587       1.3205
    2588       1.2087
    2589       1.3038
    2590       1.2165
    2591       1.2907
    2592       1.2140
    2593       1.2108
    2594       1.1966
    2595       1.2716
    2596       1.2063
    2597       1.2490
    2598       1.3134
    2599       1.2589
    2600       1.2921
    2601       1.2477
    2602       1.1728
    2603       1.2250
    2604       1.4944
    2605       1.5029
    2606       1.3433
    2607       1.4065
    2608       1.4214
    2609       1.2710
    2610       1.4139
    2611       1.3846
    2612       1.4823
    2613       1.4503
    2614       1.4437
    2615       1.4239
    2616       1.3202
    2617       1.4269
    2618       1.3702
    2619       1.3360
    2620       1.2795
    2621       1.5138
    2622       1.4112
    2623       1.4058
    2624       1.3270
    2625       1.3443
    2626       1.3893
    2627       1.5320
    2628       1.3605
    2629       1.3813
    2630       1.3632
    2631       1.3522
    2632       1.3330
    2633       1.4465
    2634       1.4672
    2635       1.4437
    2636       1.4817
    2637       1.4532
    2638       1.4254
    2639       1.4302
    2640       1.5220
    2641       1.4978
    2642       1.5216
    2643       1.3996
    2644       1.4108
    2645       1.4395
    2646       1.3935
    2647       1.4614
    2648       1.4703
    2649       1.4435
    2650       1.4057
    2651       1.4005
    2652       1.4756
    2653       1.3453
    2654       1.3867
    2655       1.4511
    2656       1.4027
    2657       1.4889
    2658       1.4639
    2659       1.4605
    2660       1.4072
    2661       1.3945
    2662       1.4053
    2663       1.5507
    2664       1.3765
    2665       1.3937
    2666       1.3650
    2667       1.4411
    2668       1.3868
    2669       1.4343
    2670       1.4207
    2671       1.3933
    2672       1.5195
    2673       1.4432
    2674       1.4601
    2675       1.4131
    2676       1.3468
    2677       1.3301
    2678       1.5106
    2679       1.5378
    2680       1.5191
    2681       1.4483
    2682       1.4582
    2683       1.3722
    2684       1.4827
    2685       1.4169
    2686       1.4332
    2687       1.4640
    2688       1.5143
    2689       1.5680
    2690       1.5939
    2691       1.4997
    2692       1.5052
    2693       1.4161
    2694       1.5231
    2695       1.4735
    2696       1.6529
    2697       1.5121
    2698       1.6401
    2699       1.5458
    2700       1.4812
    2701       1.3340
    2702       1.4256
    2703       1.4089
    2704       1.4125
    2705       1.5413
    2706       1.3796
    2707       1.4261
    2708       1.4386
    2709       1.4305
    2710       1.3675
    2711       1.3100
    2712       1.3123
    2713       1.3053
    2714       1.4345
    2715       1.3459
    2716       1.3322
    2717       1.3937
    2718       1.3528
    2719       1.3354
    2720       1.3270
    2721       1.4037
    2722       1.3422
    2723       1.4297
    2724       1.3712
    2725       1.4432
    2726       1.3494
    2727       1.2821
    2728       1.3035
    2729       1.5072
    2730       1.2539
    2731       1.4561
    2732       1.3841
    2733       1.2958
    2734       1.4533
    2735       1.3514
    2736       1.4512
    2737       1.4106
    2738       1.3311
    2739       1.4433
    2740       1.4679
    2741       1.2946
    2742       1.3607
    2743       1.4095
    2744       1.4051
    2745       1.4086
    2746       1.4521
    2747       1.4280
    2748       1.3369
    2749       1.4661
    2750       1.4571
    2751       1.5122
    2752       1.4773
    2753       1.4343
    2754       1.5150
    2755       1.3742
    2756       1.5169
    2757       1.4441
    2758       1.4082
    2759       1.6524
    2760       1.6437
    2761       1.4629
    2762       1.4714
    2763       1.4056
    2764       1.5041
    2765       1.4621
    2766       1.4550
    2767       1.4170
    2768       1.3793
    2769       1.3984
    2770       1.4098
    2771       1.4269
    2772       1.4842
    2773       1.5724
    2774       1.4972
    2775       1.6262
    2776       1.4552
    2777       1.5673
    2778       1.3569
    2779       1.4098
    2780       1.5866
    2781       1.7058
    2782       1.6303
    2783       1.4456
    2784       1.4812
    2785       1.3428
    2786       1.4119
    2787       1.4459
    2788       1.4662
    2789       1.4246
    2790       1.4678
    2791       1.5385
    2792       1.4189
    2793       1.4076
    2794       1.3580
    2795       1.3374
    2796       1.3589
    2797       1.4650
    2798       1.3986
    2799       1.5053
    2800       1.5424
    2801       1.5936
    2802       1.6010
    2803       1.6156
    2804       1.5892
    2805       1.5737
    2806       1.6461
    2807       1.6926
    2808       1.7523
    2809       1.5762
    2810       1.6657
    2811       1.4932
    2812       1.6713
    2813       1.5928
    2814       1.4804
    2815       1.4299
    2816       1.4054
    2817       1.3890
    2818       1.5248
    2819       1.3805
    2820       1.4173
    2821       1.4387
    2822       1.4282
    2823       1.5908
    2824       1.5891
    2825       1.5047
    2826       1.6976
    2827       1.6734
    2828       1.5245
    2829       1.6427
    2830       1.3798
    2831       1.3574
    2832       1.3070
    2833       1.3778
    2834       1.4062
    2835       1.4093
    2836       1.3972
    2837       1.4235
    2838       1.4747
    2839       1.4363
    2840       1.4629
    2841       1.4210
    2842       1.4490
    2843       1.4120
    2844       1.5147
    2845       1.3726
    2846       1.3890
    2847       1.4786
    2848       1.3252
    2849       1.3471
    2850       1.4670
    2851       1.4557
    2852       1.4696
    2853       1.4965
    2854       1.4802
    2855       1.4585
    2856       1.5313
    2857       1.4392
    2858       1.3736
    2859       1.4205
    2860       1.3520
    2861       1.4596
    2862       1.4669
    2863       1.4276
    2864       1.5153
    2865       1.4192
    2866       1.4647
    2867       1.3961
    2868       1.4911
    2869       1.3194
    2870       1.3968
    2871       1.4851
    2872       1.4935
    2873       1.5250
    2874       1.5056
    2875       1.4063
    2876       1.3822
    2877       1.4943
    2878       1.4803
    2879       1.5016
    2880       1.5320
    2881       1.3804
    2882       1.4503
    2883       1.3978
    2884       1.3911
    2885       1.4023
    2886       1.3208
    2887       1.5686
    2888       1.5012
    2889       1.4286
    2890       1.3466
    2891       1.5496
    2892       1.5232
    2893       1.2830
    2894       1.3469
    2895       1.3735
    2896       1.5902
    2897       1.4316
    2898       1.4636
    2899       1.5529
    2900       1.5078
    2901       1.4395
    2902       1.3091
    2903       1.4339
    2904       1.2684
    2905       1.4301
    2906       1.4853
    2907       1.4582
    2908       1.4313
    2909       1.4002
    2910       1.4996
    2911       1.5179
    2912       1.3978
    2913       1.3196
    2914       1.4301
    2915       1.5057
    2916       1.4919
    2917       1.5175
    2918       1.4106
    2919       1.4969
    2920       1.5149
    2921       1.4098
    2922       1.4699
    2923       1.3318
    2924       1.4344
    2925       1.3871
    2926       1.4192
    2927       1.2984
    2928       1.3500
    2929       1.3884
    2930       1.3746
    2931       1.3671
    2932       1.5012
    2933       1.3715
    2934       1.3297
    2935       1.5462
    2936       1.3271
    2937       1.5348
    2938       1.5277
    2939       1.4617
    2940       1.4948
    2941       1.4978
    2942       1.4037
    2943       1.4666
    2944       1.4503
    2945       1.4013
    2946       1.3351
    2947       1.4378
    2948       1.3789
    2949       1.3982
    2950       1.3945
    2951       1.4212
    2952       1.4663
    2953       1.4797
    2954       1.4359
    2955       1.4650
    2956       1.4198
    2957       1.3648
    2958       1.3944
    2959       1.4470
    2960       1.4150
    2961       1.4330
    2962       1.3905
    2963       1.4534
    2964       1.4563
    2965       1.3061
    2966       1.3876
    2967       1.5747
    2968       1.4219
    2969       1.4075
    2970       1.5372
    2971       1.5429
    2972       1.5699
    2973       1.5560
    2974       1.5002
    2975       1.6256
    2976       1.5286
    2977       1.5159
    2978       1.5255
    2979       1.5144
    2980       1.4592
    2981       1.5731
    2982       1.4971
    2983       1.5601
    2984       1.4529
    2985       1.5364
    2986       1.4226
    2987       1.5153
    2988       1.4998
    2989       1.4526
    2990       1.3172
    2991       1.4868
    2992       1.5649
    2993       1.5276
    2994       1.4553
    2995       1.3922
    2996       1.2920
    2997       1.4370
    2998       1.5745
    2999       1.4657
    3000       1.4920
