#Res        AtomicFlx
   1.000       2.4900
   2.000       1.8300
   3.000       2.4424
   4.000       2.6252
   5.000       1.9302
   6.000       1.7495
   7.000       2.3093
   8.000       1.8536
   9.000       1.8604
  10.000       1.4939
  11.000       1.5310
  12.000       1.2742
  13.000       1.5614
  14.000       1.3639
  15.000       1.8337
  16.000       1.3864
  17.000       1.7534
  18.000       1.6513
  19.000       1.8858
  20.000       1.9609
  21.000       2.0792
  22.000       2.1930
  23.000       2.6023
  24.000       2.3792
  25.000       1.7052
  26.000       1.7828
  27.000       1.4830
  28.000       1.6309
  29.000       1.3983
  30.000       1.8445
  31.000       1.3860
  32.000       1.7485
  33.000       1.3362
  34.000       1.6806
  35.000       1.5255
  36.000       1.9146
  37.000       2.5111
  38.000       1.3182
  39.000       1.8908
  40.000       1.2333
  41.000       1.4591
  42.000       1.2850
  43.000       1.9517
  44.000       1.3475
  45.000       1.8879
  46.000       1.8121
  47.000       2.0473
  48.000       2.2187
  49.000       2.2383
  50.000       2.6331
  51.000       1.7463
  52.000       1.8613
  53.000       1.5904
  54.000       1.4638
  55.000       1.3677
  56.000       1.1302
  57.000       1.0744
  58.000       0.9753
  59.000       0.7095
  60.000       0.5825
  61.000       0.6706
  62.000       0.9373
  63.000       0.2400
  64.000       0.8686
  65.000       0.9856
  66.000       1.1448
  67.000       1.1618
  68.000       1.2498
  69.000       2.3671
  70.000       1.7169
  71.000       2.0012
  72.000       2.4952
  73.000       2.4797
  74.000       2.0800
  75.000       2.1816
  76.000       2.4996
  77.000       1.8193
  78.000       1.5116
  79.000       1.4261
  80.000       1.1529
  81.000       1.4740
  82.000       1.6228
  83.000       1.5261
  84.000       1.4676
  85.000       1.6997
  86.000       2.0228
  87.000       1.4190
  88.000       1.1692
  89.000       1.5005
  90.000       1.1529
  91.000       1.7892
  92.000       0.9376
  93.000       1.3679
  94.000       1.1812
  95.000       1.6934
  96.000       1.4182
  97.000       1.9782
  98.000       2.1244
  99.000       1.8879
 100.000       1.6546
 101.000       1.6863
 102.000       1.3044
 103.000       1.8955
 104.000       1.3157
 105.000       2.2651
 106.000       1.1560
 107.000       1.5796
 108.000       1.2638
 109.000       1.6922
 110.000       1.8571
 111.000       2.2359
 112.000       2.1626
 113.000       2.1795
 114.000       1.6397
 115.000       1.3715
 116.000       1.4869
 117.000       1.1154
 118.000       2.4614
 119.000       1.1241
 120.000       1.8041
 121.000       1.3865
 122.000       1.8717
 123.000       1.6322
 124.000       2.0323
 125.000       2.2820
 126.000       1.7699
 127.000       2.6458
 128.000       2.8684
 129.000       2.8500
 130.000       2.1183
 131.000       1.9299
 132.000       1.7089
 133.000       2.1344
 134.000       2.1300
 135.000       2.1856
 136.000       2.2935
 137.000       1.7668
 138.000       2.0964
 139.000       1.6003
 140.000       1.8289
 141.000       1.1504
 142.000       1.5253
 143.000       1.3186
 144.000       1.2599
 145.000       1.6223
 146.000       1.3872
 147.000       2.4753
 148.000       1.4482
 149.000       2.0900
 150.000       1.8829
 151.000       2.2660
 152.000       4.2338
 153.000       3.9282
 154.000       2.8874
 155.000       2.5551
 156.000       1.7244
 157.000       1.4554
 158.000       1.8836
 159.000       1.4327
 160.000       1.6441
 161.000       1.3121
 162.000       1.6948
 163.000       1.3130
 164.000       2.3229
 165.000       1.5217
 166.000       1.8442
 167.000       2.0109
 168.000       2.7240
 169.000       2.5359
 170.000       2.3151
 171.000       2.1332
 172.000       1.9932
 173.000       1.6424
 174.000       1.7346
 175.000       1.3386
 176.000       1.5209
 177.000       0.9867
 178.000       1.5119
 179.000       1.0162
 180.000       1.7275
 181.000       1.2469
 182.000       1.6251
 183.000       1.6744
 184.000       1.8673
 185.000       2.1463
 186.000       2.8272
 187.000       2.3371
 188.000       2.4092
 189.000       2.0687
 190.000       1.8989
 191.000       2.0034
 192.000       1.8133
 193.000       2.3536
 194.000       2.8001
 195.000       1.9993
 196.000       2.2828
 197.000       1.2882
 198.000       1.2634
 199.000       0.8936
 200.000       1.7719
 201.000       0.9627
 202.000       1.1871
 203.000       1.3841
 204.000       1.6369
 205.000       2.2883
 206.000       2.3910
 207.000       2.7641
 208.000       2.9832
 209.000       2.4880
 210.000       3.1603
 211.000       2.4317
 212.000       2.0047
 213.000       1.9173
 214.000       1.4464
 215.000       1.4547
 216.000       1.1534
 217.000       1.4368
 218.000       0.9786
 219.000       1.8153
 220.000       1.1344
 221.000       1.4228
 222.000       1.6876
 223.000       2.7374
 224.000       4.1496
 225.000       6.1872
