#Frame     RMSD_00003
       1       0.0000
       2       0.4874
       3       0.4018
       4       0.3919
       5       0.4374
       6       0.2960
       7       0.6544
       8       0.4297
       9       0.5163
      10       0.5849
      11       0.5342
      12       0.4418
      13       0.6863
      14       0.6393
      15       0.5289
      16       0.5143
      17       0.5724
      18       0.4970
      19       0.5307
      20       0.5732
      21       0.5819
      22       0.5692
      23       0.6643
      24       0.4557
      25       0.6335
      26       0.6314
      27       0.6593
      28       0.5812
      29       0.5397
      30       0.5826
      31       0.6786
      32       0.6191
      33       0.5874
      34       0.5357
      35       0.5041
      36       0.7049
      37       0.4754
      38       0.3838
      39       0.6052
      40       0.5672
      41       0.5460
      42       0.6118
      43       0.5102
      44       0.7323
      45       0.5786
      46       0.3744
      47       0.6977
      48       0.7533
      49       0.5376
      50       0.8193
      51       0.6925
      52       0.6300
      53       0.4518
      54       0.6481
      55       0.6950
      56       0.4628
      57       0.6749
      58       0.7654
      59       0.5813
      60       0.4949
      61       0.5889
      62       0.4643
      63       0.5816
      64       0.6118
      65       0.5493
      66       0.6919
      67       0.6298
      68       0.5747
      69       0.3868
      70       0.7072
      71       0.7048
      72       0.5723
      73       0.6450
      74       0.4687
      75       0.6604
      76       0.6256
      77       0.4020
      78       0.4044
      79       0.6927
      80       0.5640
      81       0.5178
      82       0.8532
      83       0.5070
      84       0.6650
      85       0.5979
      86       0.6541
      87       0.4151
      88       0.3970
      89       0.6246
      90       0.5420
      91       0.4280
      92       0.7502
      93       0.5636
      94       0.7052
      95       0.4690
      96       0.4656
      97       0.6135
      98       0.5839
      99       0.5570
     100       0.6596
     101       0.6187
     102       0.3997
     103       0.6122
     104       0.5784
     105       0.6516
     106       0.5490
     107       0.5793
     108       0.6643
     109       0.4993
     110       0.7606
     111       0.6296
     112       0.5792
     113       0.6536
     114       0.5823
     115       0.5202
     116       0.5647
     117       0.6265
     118       0.4608
     119       0.5780
     120       0.6586
     121       0.6549
     122       0.5338
     123       0.5993
     124       0.6733
     125       0.6144
     126       0.4879
     127       0.4749
     128       0.4441
     129       0.6568
     130       0.3696
     131       0.6367
     132       0.4033
     133       0.4841
     134       0.3948
     135       0.5151
     136       0.6571
     137       0.6140
     138       0.6324
     139       0.4376
     140       0.5769
     141       0.3648
     142       0.6744
     143       0.6554
     144       0.7398
     145       0.6447
     146       0.7905
     147       0.5991
     148       0.5914
     149       0.4320
     150       0.5626
     151       0.4718
     152       0.6715
     153       0.4625
     154       0.7656
     155       0.5348
     156       0.5984
     157       0.7131
     158       0.4764
     159       0.4653
     160       0.4176
     161       0.9581
     162       0.5482
     163       0.5027
     164       0.7790
     165       0.7955
     166       0.4062
     167       0.8247
     168       0.6201
     169       0.6911
     170       0.6816
     171       0.7889
     172       0.5731
     173       0.8429
     174       0.4862
     175       0.7852
     176       0.6189
     177       0.3727
     178       0.7465
     179       0.7650
     180       0.6389
     181       0.6364
     182       0.6029
     183       0.5697
     184       0.4687
     185       0.6892
     186       0.6608
     187       0.6115
     188       0.7320
     189       0.6504
     190       0.4984
     191       0.5497
     192       0.7569
     193       0.4710
     194       0.6219
     195       0.5910
     196       0.3802
     197       0.5731
     198       0.6317
     199       0.7138
     200       0.6116
     201       0.6334
     202       0.4369
     203       0.5820
     204       0.6788
     205       0.5344
     206       0.5088
     207       0.6615
     208       0.5372
     209       0.5076
     210       0.4481
     211       0.6590
     212       0.4824
     213       0.6204
     214       0.4947
     215       0.6570
     216       0.5111
     217       0.5720
     218       0.5615
     219       0.3676
     220       0.4924
     221       0.3986
     222       0.5872
     223       0.5328
     224       0.5513
     225       0.5427
     226       0.5177
     227       0.6756
     228       0.5658
     229       0.6321
     230       0.4818
     231       0.6267
     232       0.6431
     233       0.5896
     234       0.4638
     235       0.6215
     236       0.5918
     237       0.4738
     238       0.5289
     239       0.4874
     240       0.5225
     241       0.6365
     242       0.6307
     243       0.6165
     244       0.6863
     245       0.7705
     246       0.7656
     247       0.6489
     248       0.6953
     249       0.5098
     250       0.4547
     251       0.6110
     252       0.4997
     253       0.7563
     254       0.5927
     255       0.5735
     256       0.4934
     257       0.6691
     258       0.6175
     259       0.4213
     260       0.6588
     261       0.6670
     262       0.7317
     263       0.5006
     264       0.5364
     265       0.5050
     266       0.5357
     267       0.5622
     268       0.7178
     269       0.5507
     270       0.6487
     271       0.7487
     272       0.4604
     273       0.7434
     274       0.5317
     275       0.5143
     276       0.5968
     277       0.3959
     278       0.5214
     279       0.7556
     280       0.5668
     281       0.5047
     282       0.6178
     283       0.6525
     284       0.4421
     285       0.4830
     286       0.4122
     287       0.4968
     288       0.6493
     289       0.5470
     290       0.6653
     291       0.8186
     292       0.7234
     293       0.4008
     294       0.3749
     295       0.5992
     296       0.3999
     297       0.6647
     298       0.3771
     299       0.6627
     300       0.4376
     301       0.3953
     302       0.5021
     303       0.3979
     304       0.5058
     305       0.5530
     306       0.7930
     307       0.7397
     308       0.4061
     309       0.4566
     310       0.7440
     311       0.5570
     312       0.6552
     313       0.5477
     314       0.5555
     315       0.5623
     316       0.4620
     317       0.3479
     318       0.6993
     319       0.6761
     320       0.3995
     321       0.6236
     322       0.7261
     323       0.8041
     324       0.5624
     325       0.5672
     326       0.4116
     327       0.4907
     328       0.6084
     329       0.5516
     330       0.6630
     331       0.5662
     332       0.6137
     333       0.3913
     334       0.4250
     335       0.6094
     336       0.6553
     337       0.5473
     338       0.3905
     339       0.5139
     340       0.6263
     341       0.6227
     342       0.6100
     343       0.5203
     344       0.4320
     345       0.6632
     346       0.4185
     347       0.5140
     348       0.6525
     349       0.4584
     350       0.5651
     351       0.6213
     352       0.5587
     353       0.3788
     354       0.4740
     355       0.5967
     356       0.4036
     357       0.5344
     358       0.5376
     359       0.4640
     360       0.5413
     361       0.5418
     362       0.6764
     363       0.6107
     364       0.5124
     365       0.5420
     366       0.3754
     367       0.5750
     368       0.5079
     369       0.5290
     370       0.6083
     371       0.6315
     372       0.7033
     373       0.5582
     374       0.4960
     375       0.5605
     376       0.5930
     377       0.5722
     378       0.6838
     379       0.5695
     380       0.7436
     381       0.5434
     382       0.4599
     383       0.6940
     384       0.5324
     385       0.3842
     386       0.7079
     387       0.5134
     388       0.5281
     389       0.5251
     390       0.6432
     391       0.4312
     392       0.5477
     393       0.4807
     394       0.5277
     395       0.5163
     396       0.7070
     397       0.5611
     398       0.7651
     399       0.6725
     400       0.6915
     401       0.4660
     402       0.5811
     403       0.5315
     404       0.6674
     405       0.7104
     406       0.7339
     407       0.5789
     408       0.6492
     409       0.6806
     410       0.6235
     411       0.6886
     412       0.6022
     413       0.3739
     414       0.4721
     415       0.6814
     416       0.6844
     417       0.5885
     418       0.4868
     419       0.6966
     420       0.6783
     421       0.5010
     422       0.6180
     423       0.6018
     424       0.7034
     425       0.5253
     426       0.7738
     427       0.9101
     428       0.7074
     429       0.8419
     430       0.7856
     431       0.8271
     432       0.7340
     433       0.7176
     434       0.7020
     435       0.5344
     436       0.6356
     437       0.6266
     438       0.8126
     439       0.7176
     440       0.7445
     441       0.5596
     442       0.7119
     443       0.6329
     444       0.9554
     445       0.6273
     446       0.6530
     447       0.6103
     448       0.5837
     449       0.6907
     450       0.4622
     451       0.7368
     452       0.4411
     453       0.4167
     454       0.6853
     455       0.6322
     456       0.6591
     457       0.5674
     458       0.3630
     459       0.7182
     460       0.4883
     461       0.8198
     462       0.4670
     463       0.6161
     464       0.6112
     465       0.3932
     466       0.6038
     467       0.6382
     468       0.3779
     469       0.4658
     470       0.6899
     471       0.6861
     472       0.4661
     473       0.7234
     474       0.5052
     475       0.6240
     476       0.7132
     477       0.6295
     478       0.3180
     479       0.3642
     480       0.6026
     481       0.4931
     482       0.4956
     483       0.5781
     484       0.4500
     485       0.3893
     486       0.6327
     487       0.5410
     488       0.5760
     489       0.6522
     490       0.5466
     491       0.5768
     492       0.4434
     493       0.6097
     494       0.6404
     495       0.5549
     496       0.6544
     497       0.8066
     498       0.6024
     499       0.5248
     500       0.4588
     501       0.6902
     502       0.5818
     503       0.7171
     504       0.3912
     505       0.3280
     506       0.4692
     507       0.5169
     508       0.4680
     509       0.6311
     510       0.8085
     511       0.6620
     512       0.4366
     513       0.7225
     514       0.6383
     515       0.7421
     516       0.5535
     517       0.6030
     518       0.7706
     519       0.5274
     520       0.5663
     521       0.5882
     522       0.4448
     523       0.4816
     524       0.5474
     525       0.3603
     526       0.5640
     527       0.3361
     528       0.4743
     529       0.6853
     530       0.5670
     531       0.6371
     532       0.4678
     533       0.4982
     534       0.5454
     535       0.5217
     536       0.5542
     537       0.6225
     538       0.4628
     539       0.6890
     540       0.6005
     541       0.4348
     542       0.5914
     543       0.6279
     544       0.5236
     545       0.4810
     546       0.5766
     547       0.4507
     548       0.6190
     549       0.4339
     550       0.4915
     551       0.5827
     552       0.8156
     553       0.4518
     554       0.5246
     555       0.6411
     556       0.5882
     557       0.6927
     558       0.8629
     559       0.4284
     560       0.6162
     561       0.5732
     562       0.4349
     563       0.7040
     564       0.5496
     565       0.6512
     566       0.5118
     567       0.5742
     568       0.6740
     569       0.5789
     570       0.4490
     571       0.5617
     572       0.4163
     573       0.6418
     574       0.5312
     575       0.4676
     576       0.6254
     577       0.4986
     578       0.6321
     579       0.5700
     580       0.5079
     581       0.6027
     582       0.4551
     583       0.3713
     584       0.7202
     585       0.8510
     586       0.7233
     587       0.5149
     588       0.6495
     589       0.4729
     590       0.5466
     591       0.5290
     592       0.4390
     593       0.6718
     594       0.4525
     595       0.6342
     596       0.4435
     597       0.6005
     598       0.6738
     599       0.6673
     600       0.6428
     601       0.6514
     602       0.5295
     603       0.6127
     604       0.4376
     605       0.7146
     606       0.4327
     607       0.4716
     608       0.7181
     609       0.6656
     610       0.6035
     611       0.7740
     612       0.4409
     613       0.4782
     614       0.6575
     615       0.6105
     616       0.7686
     617       0.8158
     618       0.4782
     619       0.5460
     620       0.6638
     621       0.4227
     622       0.5175
     623       0.6112
     624       0.5721
     625       0.5976
     626       0.5406
     627       0.6448
     628       0.5573
     629       0.6528
     630       0.6264
     631       0.6267
     632       0.6121
     633       0.6380
     634       0.5839
     635       0.5596
     636       0.4620
     637       0.6757
     638       0.3973
     639       0.7291
     640       0.7668
     641       0.3265
     642       0.5387
     643       0.5576
     644       0.5745
     645       0.4311
     646       0.7185
     647       0.4990
     648       0.6021
     649       0.4531
     650       0.5818
     651       0.6129
     652       0.5748
     653       0.6583
     654       0.4633
     655       0.5806
     656       0.6641
     657       0.4467
     658       0.4599
     659       0.6903
     660       0.4560
     661       0.4926
     662       0.4873
     663       0.3577
     664       0.5342
     665       0.5056
     666       0.4564
     667       0.6180
     668       0.4010
     669       0.5888
     670       0.5360
     671       0.5703
     672       0.4658
     673       0.4202
     674       0.5097
     675       0.4932
     676       0.5872
     677       0.4439
     678       0.5204
     679       0.5254
     680       0.5441
     681       0.4823
     682       0.5922
     683       0.6269
     684       0.5522
     685       0.5327
     686       0.5890
     687       0.6063
     688       0.4875
     689       0.6645
     690       0.6008
     691       0.6353
     692       0.4735
     693       0.6547
     694       0.4398
     695       0.5342
     696       0.5013
     697       0.3571
     698       0.5422
     699       0.4328
     700       0.5425
     701       0.4014
     702       0.5421
     703       0.4096
     704       0.4855
     705       0.5137
     706       0.4640
     707       0.5068
     708       0.3790
     709       0.4297
     710       0.4384
     711       0.4195
     712       0.3649
     713       0.4705
     714       0.6152
     715       0.4728
     716       0.4095
     717       0.3712
     718       0.6586
     719       0.6360
     720       0.5339
     721       0.3682
     722       0.5591
     723       0.4710
     724       0.6103
     725       0.4771
     726       0.6609
     727       0.6106
     728       0.4895
     729       0.5587
     730       0.5803
     731       0.8119
     732       0.7836
     733       0.6770
     734       0.3390
     735       0.3424
     736       0.5192
     737       0.4792
     738       0.4533
     739       0.5834
     740       0.4540
     741       0.4385
     742       0.3712
     743       0.7361
     744       0.5613
     745       0.3765
     746       0.4605
     747       0.4735
     748       0.4821
     749       0.4928
     750       0.5370
     751       0.6145
     752       0.7492
     753       0.5959
     754       0.7162
     755       0.8360
     756       0.5901
     757       0.4871
     758       0.8908
     759       0.4913
     760       0.5902
     761       0.6537
     762       0.5828
     763       0.6306
     764       0.4668
     765       0.5668
     766       0.7051
     767       0.5149
     768       0.7298
     769       0.5069
     770       0.5274
     771       0.7192
     772       0.5626
     773       0.4711
     774       0.5071
     775       0.5562
     776       0.5202
     777       0.5805
     778       0.7667
     779       0.5888
     780       0.5241
     781       0.4872
     782       0.4234
     783       0.5079
     784       0.5783
     785       0.4761
     786       0.5849
     787       0.6510
     788       0.5235
     789       0.5974
     790       0.5158
     791       0.5563
     792       0.6624
     793       0.6091
     794       0.5158
     795       0.6329
     796       0.7074
     797       0.5742
     798       0.5200
     799       0.4698
     800       0.4881
     801       0.5131
     802       0.3886
     803       0.5095
     804       0.6218
     805       0.5377
     806       0.5601
     807       0.3670
     808       0.5863
     809       0.5420
     810       0.5617
     811       0.5566
     812       0.5423
     813       0.6352
     814       0.5810
     815       0.5995
     816       0.5100
     817       0.6430
     818       0.6191
     819       0.6487
     820       0.5864
     821       0.4027
     822       0.4692
     823       0.6731
     824       0.5851
     825       0.4924
     826       0.5400
     827       0.4501
     828       0.6384
     829       0.4270
     830       0.5036
     831       0.5731
     832       0.3955
     833       0.5747
     834       0.6138
     835       0.5199
     836       0.5207
     837       0.4882
     838       0.5022
     839       0.5888
     840       0.6633
     841       0.7325
     842       0.5709
     843       0.5646
     844       0.5133
     845       0.5619
     846       0.4039
     847       0.4212
     848       0.5186
     849       0.6185
     850       0.4214
     851       0.4019
     852       0.6811
     853       0.5961
     854       0.5981
     855       0.4293
     856       0.5138
     857       0.5388
     858       0.4814
     859       0.6201
     860       0.6999
     861       0.6851
     862       0.5109
     863       0.6181
     864       0.5426
     865       0.4729
     866       0.5932
     867       0.5245
     868       0.6455
     869       0.4376
     870       0.5438
     871       0.3462
     872       0.4796
     873       0.5285
     874       0.4467
     875       0.6331
     876       0.7208
     877       0.3524
     878       0.5641
     879       0.3700
     880       0.5488
     881       0.6119
     882       0.4803
     883       0.6856
     884       0.5838
     885       0.4206
     886       0.5454
     887       0.7027
     888       0.3317
     889       0.5990
     890       0.5166
     891       0.5217
     892       0.4818
     893       0.6500
     894       0.5644
     895       0.3733
     896       0.4352
     897       0.6034
     898       0.4283
     899       0.5336
     900       0.4559
     901       0.5535
     902       0.4251
     903       0.6102
     904       0.6936
     905       0.4503
     906       0.4977
     907       0.4813
     908       0.4643
     909       0.4926
     910       0.3508
     911       0.5229
     912       0.5142
     913       0.3604
     914       0.5016
     915       0.4828
     916       0.5553
     917       0.4530
     918       0.5655
     919       0.3585
     920       0.6013
     921       0.6297
     922       0.7656
     923       0.5865
     924       0.6751
     925       0.6993
     926       0.7685
     927       0.6449
     928       0.6504
     929       0.5946
     930       0.7477
     931       0.5353
     932       0.8435
     933       0.5833
     934       0.6878
     935       0.6099
     936       0.4367
     937       0.7329
     938       0.8405
     939       0.6848
     940       0.7797
     941       0.7479
     942       0.7026
     943       0.6863
     944       0.7495
     945       0.6640
     946       0.7279
     947       0.6766
     948       0.6660
     949       0.7122
     950       0.6180
     951       0.5872
     952       0.7052
     953       0.7729
     954       0.6759
     955       0.4408
     956       0.4827
     957       0.6229
     958       0.8739
     959       0.7005
     960       0.7805
     961       0.6545
     962       0.6615
     963       0.9171
     964       0.8586
     965       0.6589
     966       0.6963
     967       0.8047
     968       0.6107
     969       0.7709
     970       0.7177
     971       0.6632
     972       0.6511
     973       0.7396
     974       0.6872
     975       0.7292
     976       0.6248
     977       0.7308
     978       0.7807
     979       0.6943
     980       0.6943
     981       0.8172
     982       0.7781
     983       0.5844
     984       0.6221
     985       0.6913
     986       0.8184
     987       0.7042
     988       0.4835
     989       0.6074
     990       0.5926
     991       0.6348
     992       0.6056
     993       0.6517
     994       0.6220
     995       0.7855
     996       0.6258
     997       0.7151
     998       0.7370
     999       0.6733
    1000       0.6254
    1001       0.6960
    1002       0.8174
    1003       0.6295
    1004       0.6584
    1005       0.6682
    1006       0.8544
    1007       0.6137
    1008       0.5787
    1009       0.6580
    1010       0.7181
    1011       0.7517
    1012       0.6713
    1013       0.6611
    1014       0.6290
    1015       0.7338
    1016       0.6604
    1017       0.6284
    1018       0.6535
    1019       0.7531
    1020       0.8600
    1021       0.6951
    1022       0.8594
    1023       0.6532
    1024       0.6382
    1025       0.6877
    1026       0.7588
    1027       0.6606
    1028       0.7379
    1029       0.8337
    1030       0.6239
    1031       0.6499
    1032       0.7880
    1033       0.8445
    1034       0.6696
    1035       0.6152
    1036       0.6464
    1037       0.6856
    1038       0.8209
    1039       0.6538
    1040       0.7477
    1041       0.6395
    1042       0.7559
    1043       0.6871
    1044       0.4930
    1045       0.5803
    1046       0.4032
    1047       0.4849
    1048       0.3791
    1049       0.3580
    1050       0.4530
    1051       0.4117
    1052       0.5710
    1053       0.4118
    1054       0.5669
    1055       0.5110
    1056       0.3853
    1057       0.5989
    1058       0.6279
    1059       0.7170
    1060       0.6363
    1061       0.5244
    1062       0.6176
    1063       0.5486
    1064       0.6504
    1065       0.6419
    1066       0.6516
    1067       0.6153
    1068       0.5665
    1069       0.6746
    1070       0.7944
    1071       0.6208
    1072       0.7553
    1073       0.5898
    1074       0.6972
    1075       0.6628
    1076       0.5063
    1077       0.7069
    1078       0.6533
    1079       0.6953
    1080       0.8563
    1081       0.8447
    1082       0.6571
    1083       0.7739
    1084       0.6543
    1085       0.8167
    1086       0.6897
    1087       0.7819
    1088       0.8002
    1089       0.6087
    1090       0.6713
    1091       0.6260
    1092       0.7212
    1093       0.9800
    1094       0.6873
    1095       0.5939
    1096       0.6415
    1097       0.6069
    1098       0.7020
    1099       0.7710
    1100       0.7080
    1101       0.6291
    1102       0.7405
    1103       0.6841
    1104       0.6441
    1105       0.8173
    1106       0.6468
    1107       0.6548
    1108       0.7837
    1109       0.7413
    1110       0.7736
    1111       0.7523
    1112       0.7672
    1113       0.5771
    1114       0.7092
    1115       0.7253
    1116       0.5034
    1117       0.6107
    1118       0.5645
    1119       0.7533
    1120       0.6372
    1121       0.6126
    1122       0.7573
    1123       0.7136
    1124       0.9186
    1125       0.5685
    1126       0.5660
    1127       0.6995
    1128       0.4888
    1129       0.7109
    1130       0.7205
    1131       0.8099
    1132       0.7447
    1133       0.6377
    1134       0.6962
    1135       0.6098
    1136       0.6289
    1137       0.6677
    1138       0.5396
    1139       0.6852
    1140       0.7083
    1141       0.6509
    1142       0.7650
    1143       0.4930
    1144       0.7790
    1145       0.8000
    1146       0.8361
    1147       0.8246
    1148       0.8343
    1149       0.8484
    1150       0.6234
    1151       0.6604
    1152       0.6882
    1153       0.8333
    1154       0.6930
    1155       0.9062
    1156       0.6698
    1157       0.6800
    1158       0.6569
    1159       0.6404
    1160       0.7601
    1161       0.9255
    1162       0.6727
    1163       0.6454
    1164       0.6152
    1165       0.7180
    1166       0.6746
    1167       0.6969
    1168       0.6610
    1169       0.7311
    1170       0.6609
    1171       0.6612
    1172       0.7196
    1173       0.5874
    1174       0.6227
    1175       0.8156
    1176       0.5800
    1177       0.7526
    1178       0.6230
    1179       0.6796
    1180       0.6446
    1181       0.7323
    1182       0.6886
    1183       0.6641
    1184       0.7862
    1185       0.6281
    1186       0.6831
    1187       0.6742
    1188       0.5270
    1189       0.7115
    1190       0.5815
    1191       0.7635
    1192       0.7084
    1193       0.6883
    1194       0.5858
    1195       0.6349
    1196       0.5755
    1197       0.6068
    1198       0.7021
    1199       0.3854
    1200       0.4596
    1201       0.4460
    1202       0.6354
    1203       0.6079
    1204       0.5406
    1205       0.4910
    1206       0.5788
    1207       0.5264
    1208       0.6775
    1209       0.5585
    1210       0.4326
    1211       0.4603
    1212       0.5576
    1213       0.6585
    1214       0.5814
    1215       0.4970
    1216       0.5284
    1217       0.6162
    1218       0.7177
    1219       0.6244
    1220       0.5382
    1221       0.5696
    1222       0.4706
    1223       0.6406
    1224       0.4182
    1225       0.4067
    1226       0.6788
    1227       0.7183
    1228       0.4520
    1229       0.4125
    1230       0.4638
    1231       0.4246
    1232       0.4071
    1233       0.4084
    1234       0.6062
    1235       0.5879
    1236       0.4223
    1237       0.5401
    1238       0.5382
    1239       0.5997
    1240       0.5366
    1241       0.4931
    1242       0.5343
    1243       0.5444
    1244       0.4491
    1245       0.5515
    1246       0.5750
    1247       0.6405
    1248       0.3693
    1249       0.5628
    1250       0.5528
    1251       0.4932
    1252       0.5308
    1253       0.5470
    1254       0.6658
    1255       0.7082
    1256       0.5166
    1257       0.5990
    1258       0.4551
    1259       0.5529
    1260       0.5242
    1261       0.6531
    1262       0.6115
    1263       0.5544
    1264       0.5190
    1265       0.5876
    1266       0.4481
    1267       0.3923
    1268       0.4687
    1269       0.3901
    1270       0.4558
    1271       0.4297
    1272       0.6988
    1273       0.6073
    1274       0.4706
    1275       0.7235
    1276       0.6566
    1277       0.5609
    1278       0.5150
    1279       0.5701
    1280       0.4913
    1281       0.3664
    1282       0.5395
    1283       0.6050
    1284       0.5868
    1285       0.6102
    1286       0.6958
    1287       0.6367
    1288       0.5279
    1289       0.3409
    1290       0.5445
    1291       0.7311
    1292       0.5663
    1293       0.4970
    1294       0.4027
    1295       0.5860
    1296       0.5325
    1297       0.6373
    1298       0.3464
    1299       0.4885
    1300       0.4678
    1301       0.4387
    1302       0.5457
    1303       0.5990
    1304       0.4057
    1305       0.4953
    1306       0.5606
    1307       0.3536
    1308       0.5039
    1309       0.5167
    1310       0.4901
    1311       0.4010
    1312       0.6828
    1313       0.6651
    1314       0.6927
    1315       0.5714
    1316       0.5948
    1317       0.6525
    1318       0.4094
    1319       0.6588
    1320       0.4816
    1321       0.5331
    1322       0.6920
    1323       0.5163
    1324       0.4063
    1325       0.4685
    1326       0.4163
    1327       0.5651
    1328       0.5203
    1329       0.5335
    1330       0.5788
    1331       0.3714
    1332       0.5414
    1333       0.5251
    1334       0.5719
    1335       0.4678
    1336       0.4718
    1337       0.5790
    1338       0.5723
    1339       0.5999
    1340       0.6388
    1341       0.5274
    1342       0.5439
    1343       0.5306
    1344       0.4562
    1345       0.4208
    1346       0.3954
    1347       0.4765
    1348       0.6875
    1349       0.4034
    1350       0.4508
    1351       0.5308
    1352       0.4887
    1353       0.3741
    1354       0.5086
    1355       0.4715
    1356       0.6715
    1357       0.4617
    1358       0.4197
    1359       0.4395
    1360       0.6110
    1361       0.5083
    1362       0.4609
    1363       0.3528
    1364       0.4938
    1365       0.5134
    1366       0.5908
    1367       0.5030
    1368       0.4625
    1369       0.4690
    1370       0.5943
    1371       0.5730
    1372       0.5145
    1373       0.5204
    1374       0.4657
    1375       0.4592
    1376       0.4402
    1377       0.4436
    1378       0.5489
    1379       0.5431
    1380       0.6833
    1381       0.5203
    1382       0.3784
    1383       0.3744
    1384       0.5284
    1385       0.5909
    1386       0.5381
    1387       0.6046
    1388       0.4319
    1389       0.4074
    1390       0.4396
    1391       0.6270
    1392       0.5893
    1393       0.4221
    1394       0.4274
    1395       0.4993
    1396       0.3846
    1397       0.5025
    1398       0.4539
    1399       0.3915
    1400       0.4933
    1401       0.4687
    1402       0.5753
    1403       0.5243
    1404       0.8533
    1405       0.6896
    1406       0.5707
    1407       0.4272
    1408       0.7567
    1409       0.5016
    1410       0.3554
    1411       0.4027
    1412       0.3401
    1413       0.4118
    1414       0.3952
    1415       0.4952
    1416       0.4656
    1417       0.5410
    1418       0.4391
    1419       0.5574
    1420       0.5524
    1421       0.5016
    1422       0.5645
    1423       0.4041
    1424       0.4297
    1425       0.4499
    1426       0.4773
    1427       0.4430
    1428       0.5992
    1429       0.4763
    1430       0.4367
    1431       0.4538
    1432       0.3760
    1433       0.4497
    1434       0.5009
    1435       0.5119
    1436       0.4671
    1437       0.4193
    1438       0.4239
    1439       0.4072
    1440       0.3663
    1441       0.5479
    1442       0.4475
    1443       0.3630
    1444       0.4511
    1445       0.5682
    1446       0.6070
    1447       0.5407
    1448       0.5553
    1449       0.4459
    1450       0.3754
    1451       0.6008
    1452       0.4251
    1453       0.4305
    1454       0.5867
    1455       0.4689
    1456       0.5445
    1457       0.3295
    1458       0.6438
    1459       0.4669
    1460       0.4422
    1461       0.3590
    1462       0.7119
    1463       0.4220
    1464       0.4682
    1465       0.5169
    1466       0.5102
    1467       0.2968
    1468       0.3701
    1469       0.5054
    1470       0.4070
    1471       0.3970
    1472       0.5801
    1473       0.3437
    1474       0.4359
    1475       0.6224
    1476       0.5509
    1477       0.4349
    1478       0.4167
    1479       0.4706
    1480       0.3868
    1481       0.4462
    1482       0.3642
    1483       0.5743
    1484       0.5238
    1485       0.5420
    1486       0.3599
    1487       0.4498
    1488       0.5084
    1489       0.5431
    1490       0.3960
    1491       0.5679
    1492       0.3431
    1493       0.3581
    1494       0.7489
    1495       0.4669
    1496       0.6572
    1497       0.4946
    1498       0.4011
    1499       0.5259
    1500       0.6179
    1501       0.5557
    1502       0.6303
    1503       0.5674
    1504       0.5657
    1505       0.6597
    1506       0.6330
    1507       0.6425
    1508       0.5749
    1509       0.6314
    1510       0.4514
    1511       0.7380
    1512       0.6803
    1513       0.5651
    1514       0.4090
    1515       0.4483
    1516       0.5026
    1517       0.7219
    1518       0.3686
    1519       0.5917
    1520       0.6007
    1521       0.4218
    1522       0.7361
    1523       0.4632
    1524       0.6261
    1525       0.5379
    1526       0.4599
    1527       0.4117
    1528       0.5781
    1529       0.6081
    1530       0.3615
    1531       0.3990
    1532       0.5090
    1533       0.4290
    1534       0.4897
    1535       0.4283
    1536       0.5853
    1537       0.3901
    1538       0.3863
    1539       0.4473
    1540       0.5143
    1541       0.3337
    1542       0.4376
    1543       0.4090
    1544       0.4667
    1545       0.4942
    1546       0.4883
    1547       0.5586
    1548       0.5078
    1549       0.5800
    1550       0.5541
    1551       0.6487
    1552       0.5193
    1553       0.3836
    1554       0.3911
    1555       0.5088
    1556       0.4826
    1557       0.5066
    1558       0.5568
    1559       0.4157
    1560       0.5711
    1561       0.5343
    1562       0.4784
    1563       0.4644
    1564       0.4008
    1565       0.3340
    1566       0.4194
    1567       0.6807
    1568       0.6405
    1569       0.4964
    1570       0.3373
    1571       0.4385
    1572       0.4836
    1573       0.4460
    1574       0.5190
    1575       0.5989
    1576       0.4844
    1577       0.5507
    1578       0.3876
    1579       0.6234
    1580       0.6653
    1581       0.6563
    1582       0.4388
    1583       0.4419
    1584       0.6694
    1585       0.4949
    1586       0.6825
    1587       0.4303
    1588       0.4649
    1589       0.4973
    1590       0.5677
    1591       0.5621
    1592       0.4916
    1593       0.6831
    1594       0.6499
    1595       0.6251
    1596       0.4835
    1597       0.4728
    1598       0.4451
    1599       0.7160
    1600       0.4117
    1601       0.4019
    1602       0.5234
    1603       0.5270
    1604       0.5382
    1605       0.4946
    1606       0.4714
    1607       0.4697
    1608       0.5047
    1609       0.5191
    1610       0.5691
    1611       0.5183
    1612       0.5003
    1613       0.4125
    1614       0.4568
    1615       0.5234
    1616       0.4260
    1617       0.4151
    1618       0.4341
    1619       0.4665
    1620       0.4372
    1621       0.6518
    1622       0.4582
    1623       0.5849
    1624       0.5563
    1625       0.5342
    1626       0.4131
    1627       0.5385
    1628       0.5835
    1629       0.6117
    1630       0.5448
    1631       0.5852
    1632       0.6501
    1633       0.4005
    1634       0.3843
    1635       0.3343
    1636       0.6711
    1637       0.4237
    1638       0.5752
    1639       0.5555
    1640       0.5303
    1641       0.4768
    1642       0.3772
    1643       0.5158
    1644       0.3895
    1645       0.4807
    1646       0.5135
    1647       0.4302
    1648       0.4952
    1649       0.5822
    1650       0.5461
    1651       0.6112
    1652       0.6709
    1653       0.5037
    1654       0.5924
    1655       0.5212
    1656       0.6056
    1657       0.4350
    1658       0.3885
    1659       0.5223
    1660       0.4853
    1661       0.7201
    1662       0.5333
    1663       0.4903
    1664       0.3475
    1665       0.5615
    1666       0.5818
    1667       0.4368
    1668       0.5318
    1669       0.7249
    1670       0.7234
    1671       0.5476
    1672       0.5695
    1673       0.5765
    1674       0.4949
    1675       0.4555
    1676       0.4479
    1677       0.3454
    1678       0.5032
    1679       0.4201
    1680       0.4195
    1681       0.3565
    1682       0.4039
    1683       0.5359
    1684       0.6291
    1685       0.4713
    1686       0.4957
    1687       0.4141
    1688       0.4578
    1689       0.6425
    1690       0.5143
    1691       0.5472
    1692       0.6552
    1693       0.5343
    1694       0.5725
    1695       0.4794
    1696       0.6091
    1697       0.6129
    1698       0.4532
    1699       0.3607
    1700       0.4335
    1701       0.5437
    1702       0.4945
    1703       0.5901
    1704       0.6829
    1705       0.6435
    1706       0.5196
    1707       0.6001
    1708       0.5463
    1709       0.7816
    1710       0.6899
    1711       0.6263
    1712       0.4754
    1713       0.5691
    1714       0.5566
    1715       0.5354
    1716       0.6348
    1717       0.5828
    1718       0.5936
    1719       0.6583
    1720       0.5227
    1721       0.5681
    1722       0.3980
    1723       0.7288
    1724       0.4815
    1725       0.6402
    1726       0.5599
    1727       0.5674
    1728       0.6727
    1729       0.6264
    1730       0.6498
    1731       0.5379
    1732       0.5657
    1733       0.6203
    1734       0.5265
    1735       0.5760
    1736       0.6087
    1737       0.4686
    1738       0.6765
    1739       0.5795
    1740       0.6012
    1741       0.6698
    1742       0.6896
    1743       0.6317
    1744       0.6993
    1745       0.4828
    1746       0.6089
    1747       0.7532
    1748       0.5827
    1749       0.5566
    1750       0.5176
    1751       0.5491
    1752       0.5235
    1753       0.5401
    1754       0.6014
    1755       0.5093
    1756       0.5411
    1757       0.6435
    1758       0.6107
    1759       0.5717
    1760       0.5896
    1761       0.8149
    1762       0.5389
    1763       0.7766
    1764       0.4684
    1765       0.7456
    1766       0.4511
    1767       0.4301
    1768       0.4465
    1769       0.6081
    1770       0.4936
    1771       0.4398
    1772       0.5599
    1773       0.6205
    1774       0.5336
    1775       0.5965
    1776       0.6628
    1777       0.6120
    1778       0.5100
    1779       0.6946
    1780       0.6038
    1781       0.6043
    1782       0.6178
    1783       0.6191
    1784       0.5400
    1785       0.4215
    1786       0.6835
    1787       0.6295
    1788       0.5016
    1789       0.4723
    1790       0.4395
    1791       0.3852
    1792       0.7637
    1793       0.6437
    1794       0.7751
    1795       0.6252
    1796       0.5713
    1797       0.6283
    1798       0.5312
    1799       0.4490
    1800       0.4298
    1801       0.5060
    1802       0.6603
    1803       0.3989
    1804       0.4399
    1805       0.6701
    1806       0.5924
    1807       0.5746
    1808       0.4538
    1809       0.6641
    1810       0.3648
    1811       0.3755
    1812       0.5433
    1813       0.5537
    1814       0.6334
    1815       0.6480
    1816       0.5631
    1817       0.6748
    1818       0.4496
    1819       0.6715
    1820       0.4987
    1821       0.5848
    1822       0.5239
    1823       0.6914
    1824       0.4581
    1825       0.5288
    1826       0.4181
    1827       0.5452
    1828       0.8252
    1829       0.5909
    1830       0.5101
    1831       0.6237
    1832       0.5901
    1833       0.5484
    1834       0.5562
    1835       0.5361
    1836       0.3666
    1837       0.6940
    1838       0.6345
    1839       0.3806
    1840       0.3803
    1841       0.4533
    1842       0.4039
    1843       0.4259
    1844       0.5148
    1845       0.3729
    1846       0.5134
    1847       0.5646
    1848       0.4596
    1849       0.5720
    1850       0.4596
    1851       0.4973
    1852       0.6634
    1853       0.3868
    1854       0.4927
    1855       0.4883
    1856       0.5163
    1857       0.4580
    1858       0.3686
    1859       0.3446
    1860       0.3365
    1861       0.4415
    1862       0.4515
    1863       0.6466
    1864       0.5303
    1865       0.6081
    1866       0.4543
    1867       0.7036
    1868       0.4955
    1869       0.3337
    1870       0.6159
    1871       0.3362
    1872       0.4630
    1873       0.3590
    1874       0.3177
    1875       0.3340
    1876       0.3675
    1877       0.3868
    1878       0.4439
    1879       0.5083
    1880       0.4528
    1881       0.3582
    1882       0.5853
    1883       0.5884
    1884       0.5010
    1885       0.4741
    1886       0.4081
    1887       0.3755
    1888       0.7327
    1889       0.4535
    1890       0.6478
    1891       0.3991
    1892       0.6228
    1893       0.5164
    1894       0.6359
    1895       0.4077
    1896       0.7164
    1897       0.6891
    1898       0.4635
    1899       0.7123
    1900       0.5773
    1901       0.6013
    1902       0.4460
    1903       0.5440
    1904       0.5766
    1905       0.4128
    1906       0.5023
    1907       0.5065
    1908       0.5516
    1909       0.5842
    1910       0.6594
    1911       0.5838
    1912       0.5565
    1913       0.5626
    1914       0.3709
    1915       0.5293
    1916       0.4878
    1917       0.6152
    1918       0.5365
    1919       0.4955
    1920       0.4416
    1921       0.5196
    1922       0.5187
    1923       0.4999
    1924       0.7371
    1925       0.4675
    1926       0.6986
    1927       0.4570
    1928       0.6415
    1929       0.4484
    1930       0.5373
    1931       0.5078
    1932       0.5223
    1933       0.6393
    1934       0.4772
    1935       0.4557
    1936       0.6645
    1937       0.4360
    1938       0.5219
    1939       0.6879
    1940       0.6201
    1941       0.5520
    1942       0.5485
    1943       0.4655
    1944       0.8365
    1945       0.5684
    1946       0.6821
    1947       0.4740
    1948       0.6520
    1949       0.5486
    1950       0.7043
    1951       0.6015
    1952       0.6019
    1953       0.5493
    1954       0.4442
    1955       0.6151
    1956       0.6456
    1957       0.7412
    1958       0.5935
    1959       0.4147
    1960       0.6296
    1961       0.5828
    1962       0.7898
    1963       0.6116
    1964       0.5095
    1965       0.7206
    1966       0.6259
    1967       0.6984
    1968       0.4573
    1969       0.7327
    1970       0.5662
    1971       0.7418
    1972       0.5895
    1973       0.6190
    1974       0.6772
    1975       0.5097
    1976       0.6621
    1977       0.5826
    1978       0.7106
    1979       0.6149
    1980       0.6540
    1981       0.5300
    1982       0.5684
    1983       0.5680
    1984       0.4918
    1985       0.5469
    1986       0.5199
    1987       0.6233
    1988       0.5424
    1989       0.4981
    1990       0.4725
    1991       0.3919
    1992       0.3625
    1993       0.5953
    1994       0.7007
    1995       0.6048
    1996       0.4822
    1997       0.5513
    1998       0.3644
    1999       0.6197
    2000       0.4070
    2001       0.4301
    2002       0.4984
    2003       0.6067
    2004       0.5133
    2005       0.6207
    2006       0.4897
    2007       0.4567
    2008       0.6442
    2009       0.3257
    2010       0.4060
    2011       0.4980
    2012       0.5490
    2013       0.4498
    2014       0.6440
    2015       0.4685
    2016       0.6328
    2017       0.8106
    2018       0.4302
    2019       0.4415
    2020       0.5615
    2021       0.3655
    2022       0.5503
    2023       0.4116
    2024       0.5545
    2025       0.4527
    2026       0.7244
    2027       0.7118
    2028       0.6488
    2029       0.5449
    2030       0.6560
    2031       0.6804
    2032       0.5603
    2033       0.6084
    2034       0.5043
    2035       0.4173
    2036       0.5457
    2037       0.5440
    2038       0.4050
    2039       0.7483
    2040       0.6038
    2041       0.4581
    2042       0.5406
    2043       0.4560
    2044       0.6049
    2045       0.6642
    2046       0.5972
    2047       0.5884
    2048       0.5592
    2049       0.5201
    2050       0.5865
    2051       0.4336
    2052       0.4279
    2053       0.5190
    2054       0.5596
    2055       0.5787
    2056       0.7950
    2057       0.6540
    2058       0.5081
    2059       0.5251
    2060       0.4283
    2061       0.6608
    2062       0.3397
    2063       0.6985
    2064       0.6796
    2065       0.6991
    2066       0.4484
    2067       0.5017
    2068       0.5163
    2069       0.5629
    2070       0.7424
    2071       0.4713
    2072       0.4454
    2073       0.5518
    2074       0.5779
    2075       0.5311
    2076       0.7438
    2077       0.4931
    2078       0.5687
    2079       0.4379
    2080       0.7161
    2081       0.4977
    2082       0.4425
    2083       0.4110
    2084       0.5090
    2085       0.7102
    2086       0.8553
    2087       0.4229
    2088       0.5824
    2089       0.6713
    2090       0.6587
    2091       0.7640
    2092       0.5736
    2093       0.4313
    2094       0.4015
    2095       0.5679
    2096       0.4541
    2097       0.7054
    2098       0.7109
    2099       0.5310
    2100       0.5993
    2101       0.4300
    2102       0.5164
    2103       0.4404
    2104       0.6745
    2105       0.6491
    2106       0.7469
    2107       0.6601
    2108       0.4439
    2109       0.6294
    2110       0.5339
    2111       0.5479
    2112       0.4286
    2113       0.6625
    2114       0.5976
    2115       0.5361
    2116       0.7071
    2117       0.4837
    2118       0.4639
    2119       0.5798
    2120       0.5412
    2121       0.6496
    2122       0.6365
    2123       0.5791
    2124       0.5226
    2125       0.4864
    2126       0.5553
    2127       0.5438
    2128       0.4417
    2129       0.4956
    2130       0.5396
    2131       0.4683
    2132       0.7887
    2133       0.4685
    2134       0.5569
    2135       0.5346
    2136       0.6666
    2137       0.6036
    2138       0.5318
    2139       0.5335
    2140       0.6399
    2141       0.4398
    2142       0.6042
    2143       0.7547
    2144       0.5562
    2145       0.4657
    2146       0.4908
    2147       0.7394
    2148       0.3796
    2149       0.5184
    2150       0.6508
    2151       0.5828
    2152       0.5861
    2153       0.5668
    2154       0.4175
    2155       0.5399
    2156       0.4663
    2157       0.6044
    2158       0.4964
    2159       0.5944
    2160       0.4336
    2161       0.7966
    2162       0.4366
    2163       0.5805
    2164       0.5050
    2165       0.6105
    2166       0.5701
    2167       0.5913
    2168       0.7441
    2169       0.6370
    2170       0.5669
    2171       0.4978
    2172       0.7332
    2173       0.5781
    2174       0.5618
    2175       0.5733
    2176       0.5509
    2177       0.4797
    2178       0.3684
    2179       0.7767
    2180       0.5503
    2181       0.5785
    2182       0.4005
    2183       0.5475
    2184       0.5979
    2185       0.6000
    2186       0.6062
    2187       0.5823
    2188       0.6753
    2189       0.7439
    2190       0.5233
    2191       0.5481
    2192       0.5159
    2193       0.5654
    2194       0.5593
    2195       0.5578
    2196       0.4797
    2197       0.4210
    2198       0.3229
    2199       0.5005
    2200       0.3981
    2201       0.4369
    2202       0.5283
    2203       0.5193
    2204       0.4759
    2205       0.4233
    2206       0.4975
    2207       0.5499
    2208       0.4277
    2209       0.5524
    2210       0.4660
    2211       0.5082
    2212       0.4247
    2213       0.4033
    2214       0.5170
    2215       0.5095
    2216       0.4046
    2217       0.3955
    2218       0.4606
    2219       0.4614
    2220       0.4275
    2221       0.4004
    2222       0.5219
    2223       0.3468
    2224       0.3871
    2225       0.6310
    2226       0.6268
    2227       0.5150
    2228       0.2827
    2229       0.7612
    2230       0.5398
    2231       0.3451
    2232       0.5463
    2233       0.4661
    2234       0.5526
    2235       0.6132
    2236       0.5890
    2237       0.4707
    2238       0.5203
    2239       0.5445
    2240       0.4510
    2241       0.3940
    2242       0.6337
    2243       0.5239
    2244       0.6995
    2245       0.5215
    2246       0.4956
    2247       0.5967
    2248       0.6704
    2249       0.7600
    2250       0.4153
    2251       0.6635
    2252       0.5012
    2253       0.4621
    2254       0.5509
    2255       0.4389
    2256       0.5108
    2257       0.6566
    2258       0.5107
    2259       0.3664
    2260       0.4441
    2261       0.3964
    2262       0.4676
    2263       0.4318
    2264       0.5794
    2265       0.3523
    2266       0.5205
    2267       0.4441
    2268       0.4891
    2269       0.4577
    2270       0.4106
    2271       0.5018
    2272       0.4462
    2273       0.5655
    2274       0.3952
    2275       0.6011
    2276       0.5525
    2277       0.5312
    2278       0.5122
    2279       0.5704
    2280       0.3738
    2281       0.4748
    2282       0.5796
    2283       0.5252
    2284       0.6311
    2285       0.5206
    2286       0.6091
    2287       0.4640
    2288       0.3884
    2289       0.4036
    2290       0.5666
    2291       0.3191
    2292       0.4263
    2293       0.3950
    2294       0.4803
    2295       0.4914
    2296       0.5679
    2297       0.5754
    2298       0.5714
    2299       0.6377
    2300       0.7177
    2301       0.4144
    2302       0.6468
    2303       0.5924
    2304       0.7054
    2305       0.5028
    2306       0.6334
    2307       0.5312
    2308       0.6037
    2309       0.5846
    2310       0.4152
    2311       0.4573
    2312       0.5129
    2313       0.6949
    2314       0.5250
    2315       0.5332
    2316       0.4155
    2317       0.6086
    2318       0.5806
    2319       0.7027
    2320       0.5530
    2321       0.5971
    2322       0.6069
    2323       0.6048
    2324       0.6975
    2325       0.6396
    2326       0.5218
    2327       0.5581
    2328       0.6173
    2329       0.6464
    2330       0.6468
    2331       0.4811
    2332       0.6707
    2333       0.7200
    2334       0.5645
    2335       0.5950
    2336       0.5494
    2337       0.6118
    2338       0.7632
    2339       0.6160
    2340       0.5157
    2341       0.6484
    2342       0.6451
    2343       0.4084
    2344       0.6242
    2345       0.4434
    2346       0.5505
    2347       0.7102
    2348       0.6838
    2349       0.6494
    2350       0.5239
    2351       0.4708
    2352       0.5415
    2353       0.6417
    2354       0.6054
    2355       0.7039
    2356       0.3705
    2357       0.4725
    2358       0.5614
    2359       0.5990
    2360       0.4531
    2361       0.6283
    2362       0.4774
    2363       0.6450
    2364       0.6231
    2365       0.5490
    2366       0.5080
    2367       0.4827
    2368       0.6161
    2369       0.4503
    2370       0.5107
    2371       0.5611
    2372       0.6493
    2373       0.6758
    2374       0.5328
    2375       0.5155
    2376       0.5263
    2377       0.4959
    2378       0.4397
    2379       0.5442
    2380       0.6124
    2381       0.3482
    2382       0.4254
    2383       0.4699
    2384       0.5571
    2385       0.4030
    2386       0.3890
    2387       0.5961
    2388       0.5297
    2389       0.4289
    2390       0.3810
    2391       0.4304
    2392       0.5873
    2393       0.5219
    2394       0.4321
    2395       0.5506
    2396       0.5880
    2397       0.5739
    2398       0.5082
    2399       0.6014
    2400       0.3662
    2401       0.6677
    2402       0.4447
    2403       0.4343
    2404       0.4905
    2405       0.6460
    2406       0.5654
    2407       0.5790
    2408       0.4040
    2409       0.6933
    2410       0.5021
    2411       0.4541
    2412       0.6033
    2413       0.3750
    2414       0.6765
    2415       0.5679
    2416       0.5134
    2417       0.5943
    2418       0.6331
    2419       0.5814
    2420       0.5366
    2421       0.4287
    2422       0.3568
    2423       0.5630
    2424       0.7293
    2425       0.7726
    2426       0.4722
    2427       0.5528
    2428       0.4093
    2429       0.5507
    2430       0.5168
    2431       0.4140
    2432       0.3928
    2433       0.5822
    2434       0.5358
    2435       0.5416
    2436       0.5239
    2437       0.4536
    2438       0.6058
    2439       0.5656
    2440       0.5330
    2441       0.4211
    2442       0.4924
    2443       0.6329
    2444       0.5747
    2445       0.5713
    2446       0.4730
    2447       0.5481
    2448       0.5536
    2449       0.5430
    2450       0.6845
    2451       0.6085
    2452       0.6075
    2453       0.5201
    2454       0.6972
    2455       0.6035
    2456       0.6243
    2457       0.6144
    2458       0.6291
    2459       0.4518
    2460       0.6075
    2461       0.5331
    2462       0.5743
    2463       0.5262
    2464       0.4774
    2465       0.6038
    2466       0.4982
    2467       0.5162
    2468       0.6496
    2469       0.5347
    2470       0.6297
    2471       0.4454
    2472       0.5997
    2473       0.7649
    2474       0.5498
    2475       0.6713
    2476       0.6874
    2477       0.4769
    2478       0.5456
    2479       0.5978
    2480       0.6483
    2481       0.4080
    2482       0.5646
    2483       0.4207
    2484       0.5170
    2485       0.6329
    2486       0.7097
    2487       0.3960
    2488       0.7445
    2489       0.7567
    2490       0.5567
    2491       0.6422
    2492       0.5016
    2493       0.4558
    2494       0.7110
    2495       0.8097
    2496       0.8965
    2497       0.5549
    2498       0.6989
    2499       0.3961
    2500       0.3964
    2501       0.4887
    2502       0.4785
    2503       0.5565
    2504       0.3827
    2505       0.4965
    2506       0.4754
    2507       0.4820
    2508       0.3987
    2509       0.5887
    2510       0.6260
    2511       0.4490
    2512       0.4657
    2513       0.5345
    2514       0.4749
    2515       0.5750
    2516       0.6101
    2517       0.6540
    2518       0.5201
    2519       0.5618
    2520       0.4381
    2521       0.5114
    2522       0.5795
    2523       0.5250
    2524       0.6631
    2525       0.6866
    2526       0.5790
    2527       0.6473
    2528       0.5336
    2529       0.7803
    2530       0.5490
    2531       0.6810
    2532       0.6406
    2533       0.4332
    2534       0.5457
    2535       0.5890
    2536       0.4757
    2537       0.5809
    2538       0.4104
    2539       0.6449
    2540       0.6715
    2541       0.4851
    2542       0.6308
    2543       0.6006
    2544       0.5355
    2545       0.5952
    2546       0.6100
    2547       0.4571
    2548       0.5944
    2549       0.4606
    2550       0.4558
    2551       0.6216
    2552       0.3825
    2553       0.6800
    2554       0.5092
    2555       0.3793
    2556       0.4886
    2557       0.7358
    2558       0.4803
    2559       0.4825
    2560       0.4202
    2561       0.3017
    2562       0.5735
    2563       0.7362
    2564       0.4908
    2565       0.5963
    2566       0.4358
    2567       0.5223
    2568       0.8185
    2569       0.6641
    2570       0.8097
    2571       0.4997
    2572       0.6497
    2573       0.5185
    2574       0.6857
    2575       0.4571
    2576       0.6180
    2577       0.5692
    2578       0.4925
    2579       0.8621
    2580       0.5350
    2581       0.7035
    2582       0.5989
    2583       0.3745
    2584       0.6355
    2585       0.7119
    2586       0.6662
    2587       0.5828
    2588       0.5735
    2589       0.7414
    2590       0.6863
    2591       0.6136
    2592       0.6509
    2593       0.4963
    2594       0.7232
    2595       0.8474
    2596       0.7155
    2597       0.6701
    2598       0.7638
    2599       0.6022
    2600       0.5974
    2601       0.7145
    2602       0.5392
    2603       0.6526
    2604       0.4441
    2605       0.6184
    2606       0.5331
    2607       0.6503
    2608       0.6348
    2609       0.5152
    2610       0.4499
    2611       0.5662
    2612       0.7547
    2613       0.6828
    2614       0.4185
    2615       0.6466
    2616       0.6404
    2617       0.4178
    2618       0.4604
    2619       0.4456
    2620       0.5747
    2621       0.7027
    2622       0.4882
    2623       0.6009
    2624       0.6008
    2625       0.5557
    2626       0.5562
    2627       0.7435
    2628       0.4877
    2629       0.5443
    2630       0.7702
    2631       0.6525
    2632       0.6278
    2633       0.5071
    2634       0.5416
    2635       0.5300
    2636       0.5428
    2637       0.6843
    2638       0.4644
    2639       0.5192
    2640       0.5284
    2641       0.4714
    2642       0.5322
    2643       0.6361
    2644       0.6130
    2645       0.7717
    2646       0.8046
    2647       0.5404
    2648       0.4750
    2649       0.5574
    2650       0.5508
    2651       0.4334
    2652       0.4046
    2653       0.5059
    2654       0.4977
    2655       0.6000
    2656       0.4959
    2657       0.4812
    2658       0.7708
    2659       0.6471
    2660       0.4003
    2661       0.6627
    2662       0.5421
    2663       0.7458
    2664       0.5236
    2665       0.6337
    2666       0.6023
    2667       0.6224
    2668       0.5198
    2669       0.6188
    2670       0.6960
    2671       0.5581
    2672       0.5738
    2673       0.5494
    2674       0.5120
    2675       0.6126
    2676       0.7467
    2677       0.5387
    2678       0.6270
    2679       0.5942
    2680       0.7959
    2681       0.6106
    2682       0.6493
    2683       0.5219
    2684       0.7620
    2685       0.5810
    2686       0.3950
    2687       0.6837
    2688       0.6034
    2689       0.6474
    2690       0.6612
    2691       0.7230
    2692       0.6906
    2693       0.7067
    2694       0.4172
    2695       0.5559
    2696       0.6974
    2697       0.6005
    2698       0.6805
    2699       0.6425
    2700       0.6472
    2701       0.6380
    2702       0.5502
    2703       0.5085
    2704       0.6506
    2705       0.6601
    2706       0.4857
    2707       0.6329
    2708       0.5796
    2709       0.3753
    2710       0.5800
    2711       0.3562
    2712       0.3987
    2713       0.5926
    2714       0.5681
    2715       0.5964
    2716       0.5855
    2717       0.5410
    2718       0.3921
    2719       0.5608
    2720       0.5354
    2721       0.3931
    2722       0.7419
    2723       0.5976
    2724       0.4010
    2725       0.4064
    2726       0.6048
    2727       0.3646
    2728       0.6561
    2729       0.7238
    2730       0.5533
    2731       0.5313
    2732       0.4524
    2733       0.4944
    2734       0.5659
    2735       0.6356
    2736       0.6900
    2737       0.5439
    2738       0.5684
    2739       0.5838
    2740       0.4354
    2741       0.4979
    2742       0.5492
    2743       0.6124
    2744       0.5265
    2745       0.6812
    2746       0.6379
    2747       0.5880
    2748       0.4631
    2749       0.5114
    2750       0.5356
    2751       0.5695
    2752       0.5315
    2753       0.5601
    2754       0.4707
    2755       0.4732
    2756       0.4740
    2757       0.6373
    2758       0.5175
    2759       0.6711
    2760       0.6386
    2761       0.4793
    2762       0.7092
    2763       0.5536
    2764       0.6373
    2765       0.5808
    2766       0.5118
    2767       0.7249
    2768       0.5537
    2769       0.5387
    2770       0.7684
    2771       0.7100
    2772       0.4670
    2773       0.4748
    2774       0.7460
    2775       0.7653
    2776       0.6917
    2777       0.6091
    2778       0.5394
    2779       0.6841
    2780       0.6922
    2781       0.7144
    2782       0.4868
    2783       0.5105
    2784       0.6419
    2785       0.6749
    2786       0.6712
    2787       0.7135
    2788       0.7722
    2789       0.5194
    2790       0.8661
    2791       0.6159
    2792       0.5455
    2793       0.4106
    2794       0.3990
    2795       0.5731
    2796       0.4202
    2797       0.4936
    2798       0.4451
    2799       0.5467
    2800       0.5501
    2801       0.6107
    2802       0.5272
    2803       0.5343
    2804       0.6072
    2805       0.5956
    2806       0.6228
    2807       0.4181
    2808       0.5803
    2809       0.4396
    2810       0.5965
    2811       0.6696
    2812       0.7634
    2813       0.6821
    2814       0.6109
    2815       0.6650
    2816       0.6452
    2817       0.5600
    2818       0.8392
    2819       0.5091
    2820       0.5432
    2821       0.6218
    2822       0.5688
    2823       0.6229
    2824       0.7164
    2825       0.4826
    2826       0.6294
    2827       0.5364
    2828       0.5321
    2829       0.6322
    2830       0.7344
    2831       0.3957
    2832       0.6511
    2833       0.4652
    2834       0.5956
    2835       0.5963
    2836       0.6385
    2837       0.5443
    2838       0.7140
    2839       0.5684
    2840       0.5226
    2841       0.6850
    2842       0.7095
    2843       0.7122
    2844       0.6966
    2845       0.5908
    2846       0.7308
    2847       0.5130
    2848       0.5713
    2849       0.6456
    2850       0.6043
    2851       0.5800
    2852       0.6266
    2853       0.6697
    2854       0.5810
    2855       0.5045
    2856       0.7500
    2857       0.5722
    2858       0.7068
    2859       0.6090
    2860       0.6817
    2861       0.7060
    2862       0.6930
    2863       0.6342
    2864       0.6052
    2865       0.7915
    2866       0.5942
    2867       0.6698
    2868       0.6339
    2869       0.4605
    2870       0.7831
    2871       0.6896
    2872       0.5898
    2873       0.6336
    2874       0.5298
    2875       0.6082
    2876       0.5096
    2877       0.6823
    2878       0.7260
    2879       0.6411
    2880       0.7170
    2881       0.4786
    2882       0.5292
    2883       0.5403
    2884       0.7786
    2885       0.6369
    2886       0.7169
    2887       0.7469
    2888       0.5462
    2889       0.6877
    2890       0.6561
    2891       0.7898
    2892       0.6152
    2893       0.4562
    2894       0.6668
    2895       0.4926
    2896       0.6444
    2897       0.7654
    2898       0.5558
    2899       0.7278
    2900       0.6087
    2901       0.6145
    2902       0.4917
    2903       0.5294
    2904       0.6605
    2905       0.5053
    2906       0.6586
    2907       0.6183
    2908       0.4032
    2909       0.7328
    2910       0.7747
    2911       0.7235
    2912       0.6271
    2913       0.5734
    2914       0.7028
    2915       0.5781
    2916       0.6539
    2917       0.6018
    2918       0.4688
    2919       0.4708
    2920       0.6924
    2921       0.5992
    2922       0.8159
    2923       0.6413
    2924       0.8516
    2925       0.5601
    2926       0.5192
    2927       0.4493
    2928       0.6299
    2929       0.4693
    2930       0.5662
    2931       0.5271
    2932       0.5880
    2933       0.5173
    2934       0.6678
    2935       0.7021
    2936       0.8106
    2937       0.6262
    2938       0.6304
    2939       0.7134
    2940       0.6789
    2941       0.5574
    2942       0.5840
    2943       0.5945
    2944       0.4778
    2945       0.4836
    2946       0.5127
    2947       0.6689
    2948       0.6093
    2949       0.6881
    2950       0.5147
    2951       0.6853
    2952       0.6859
    2953       0.6308
    2954       0.5697
    2955       0.4899
    2956       0.5269
    2957       0.4995
    2958       0.4987
    2959       0.5877
    2960       0.8216
    2961       0.6052
    2962       0.6850
    2963       0.6611
    2964       0.5690
    2965       0.4277
    2966       0.4542
    2967       0.6668
    2968       0.6640
    2969       0.5115
    2970       0.4971
    2971       0.5769
    2972       0.7848
    2973       0.4970
    2974       0.7189
    2975       0.4155
    2976       0.6489
    2977       0.6406
    2978       0.6279
    2979       0.6972
    2980       0.7191
    2981       0.6148
    2982       0.6350
    2983       0.6557
    2984       0.5422
    2985       0.8226
    2986       0.8002
    2987       0.6143
    2988       0.4985
    2989       0.4403
    2990       0.4031
    2991       0.6565
    2992       0.8951
    2993       0.5932
    2994       0.6584
    2995       0.6914
    2996       0.7140
    2997       0.5899
    2998       0.6595
    2999       0.5928
    3000       0.7267
