Run semi-empirical minimization
 &qmmm
    qm_theory='AM1', grms_tol=0.0005,
 scfconv=1.d-10, ndiis_attempts=700,   qmcharge=0,
 /
   6   CH3       22.7980       28.4760       34.8900 
   6     C       23.6470       27.3390       35.4030 
   8     O       23.1640       26.2350       35.6620 
   1   H31       22.9680       29.3960       35.4490 
   1   H32       21.7390       28.2390       34.9920 
   1   H33       23.0770       28.6160       33.8460 
   6   CA1       25.9250       26.6470       35.8500 
   6   CA2       28.0920       28.0540       38.5610 
   6   CA3       24.7190       26.5540       38.6800 
   6   CB1       26.7900       26.2360       34.6510 
   6   CB2       29.2120       28.6600       39.0070 
   6   CG2       30.3300       29.0740       38.0980 
   8   OG1       27.7340       25.2850       35.0630 
   6   CD2       31.4940       29.7480       38.3980 
   7   ND1       30.3220       28.8280       36.7270 
   6   CE1       31.4070       29.4160       36.2170 
   7   NE2       32.1500       29.9360       37.2020 
   6    C1       26.5890       27.0580       37.1120 
   7    N1       24.9470       27.6190       35.4420 
   6    C2       26.8990       27.6740       39.3620 
   7    N2       27.8750       27.7000       37.1970 
   8    O2       26.7690       27.6590       40.5570 
   6    C3       24.5950       25.1820       39.3150 
   7    N3       26.0650       27.0090       38.3900 
   8    O3       23.7330       24.9400       40.1390 
   1   H01       25.4690       25.7020       36.1460 
   1   H02       24.3300       27.2530       39.4210 
   1   H03       24.1640       26.5380       37.7420 
   1   H04       27.3040       27.1120       34.2560 
   1   H05       26.1560       25.8080       33.8740 
   1   H06       29.3080       28.8570       40.0750 
   1   H07       31.6520       29.4650       35.1560 
   1   H08       27.9750       24.7290       34.3180 
   1   H09       31.8280       30.0680       39.3850 
   1   H10       25.2570       28.5430       35.1770 
   1   H11       29.6270       28.3040       36.2150 
   7     N       25.4360       24.2740       38.8660 
   6   CH4       25.3840       22.9060       39.3060 
   1   H41       24.8050       22.8140       40.2250 
   1   H42       26.3900       22.5380       39.5090 
   1   H43       24.9150       22.3240       38.5130 
   1   H12       26.1380       24.5460       38.1930 

