Run semi-empirical minimization
 &qmmm
    qm_theory='AM1', grms_tol=0.0005,
 scfconv=1.d-10, ndiis_attempts=700,   qmcharge=0,
 /
   7     N       24.5350       24.3830       39.8490 
   6   CA1       25.0110       26.4780       37.0780 
   6   CA2       27.1970       28.2450       39.5120 
   6   CA3       23.9190       26.7210       39.8420 
   6     C       22.7740       27.2530       36.5180 
   8     O       22.3130       26.1470       36.7610 
   6   CB1       25.9310       26.0350       35.9300 
   6   CB2       28.3290       28.8220       39.9600 
   6   CG1       25.1550       25.4220       34.7960 
   6   CG2       29.4370       29.3700       39.1240 
   8   OG1       26.6790       27.1290       35.4610 
   6   CD1       29.5410       29.1030       37.7420 
   6   CD2       30.4870       30.1100       39.8050 
   6   CE1       30.7070       29.5460       37.0330 
   6   CE2       31.6140       30.5630       39.0850 
   6    CZ       31.7180       30.3000       37.7210 
   6   CH3       21.8950       28.3710       35.9950 
   6   CH4       24.3960       23.0040       40.2990 
   8    OH       32.8940       30.8040       36.9710 
   6    C1       25.7300       27.1060       38.2450 
   7    N1       24.0770       27.5130       36.6100 
   6    C2       26.0430       27.8750       40.3700 
   7    N2       26.9750       27.7320       38.2160 
   8    O2       26.0220       27.9620       41.5660 
   6    C3       23.7450       25.3260       40.3600 
   7    N3       25.2740       27.1240       39.5090 
   8    O3       22.8850       25.1160       41.1930 
   1   H01       28.4470       28.8960       41.0410 
   1   H02       28.7470       28.5680       37.2210 
   1   H05       30.8250       29.3110       35.9750 
   1   H06       32.4010       31.1180       39.5960 
   1   H07       30.4040       30.3150       40.8720 
   1   H03       24.5240       25.5580       37.4000 
   1   H04       23.6180       27.3730       40.6620 
   1   H08       23.3130       26.8190       38.9410 
   1   H09       26.6040       25.2730       36.3230 
   1   H10       24.2510       26.0040       34.6190 
   1   H11       25.7680       25.4200       33.8950 
   1   H12       24.8820       24.3980       35.0530 
   1   H13       26.8140       27.7550       36.1760 
   1   H14       33.0990       31.6970       37.2580 
   1   H15       24.4260       28.4260       36.3570 
   1   H16       25.2270       24.6230       39.1530 
   1   H31       22.1450       29.3200       36.4700 
   1   H32       20.8480       28.1580       36.2110 
   1   H33       22.0610       28.4400       34.9200 
   1   H41       23.7700       22.9700       41.1910 
   1   H42       25.3790       22.5960       40.5360 
   1   H43       23.9350       22.4140       39.5070 

