Run semi-empirical minimization
 &qmmm
    qm_theory='AM1', grms_tol=0.0005,
 scfconv=1.d-10, ndiis_attempts=700,   qmcharge=0,
 /
   6   CH3       20.5600       -1.6190      107.9650 
   6     C       20.2030       -0.2640      107.3760 
   8     O       20.9320        0.7150      107.5380 
   1   H31       19.6630       -2.1580      108.2700 
   1   H32       21.1890       -1.4910      108.8460 
   1   H33       21.0880       -2.1830      107.1960 
   6   CA1       18.6720        0.7810      105.5050 
   6   CA2       15.0720        0.9690      105.7130 
   6   CA3       17.3930        2.0200      108.1090 
   6   CB1       19.0540        0.3510      104.1430 
   6   CB2       13.7750        0.6960      105.3350 
   6   CG2       13.3110        0.0210      104.1880 
   8   OG1       18.8470        1.5770      103.3990 
   6   CD1       14.1150       -0.5430      103.1350 
   6   CD2       11.9220       -0.1380      104.0220 
   6   CE1       13.5410       -1.2080      102.0140 
   6   CE2       11.3380       -0.7760      102.9500 
   6    CZ       12.1060       -1.3000      101.9630 
   8    OH       11.5640       -1.9420      100.8800 
   6    C1       17.2790        1.0910      105.7560 
   7    N1       19.1050       -0.3350      106.4320 
   6    C2       15.4780        1.6630      106.9000 
   7    N2       16.2920        0.6520      105.0570 
   8    O2       14.6710        2.1110      107.7580 
   6    C3       17.9970        3.3310      108.1120 
   7    N3       16.8600        1.7250      106.9060 
   8    O3       18.1900        3.8850      109.3340 
   1   H01       15.2000       -0.4580      103.1980 
   1   H02       13.0020        1.0510      106.0170 
   1   H03       14.1640       -1.6310      101.2260 
   1   H04       10.2530       -0.8600      102.8950 
   1   H05       11.2670        0.2700      104.7910 
   1   H06       19.1640        1.7410      105.6650 
   1   H07       16.5930        2.0100      108.8490 
   1   H08       18.1540        1.2780      108.3520 
   1   H09       18.4910       -0.5040      103.7670 
   1   H10       20.0940        0.0270      104.1010 
   1   H11       18.6330        1.3660      102.4870 
   1   H12       11.3420       -2.8450      101.1200 
   1   H13       18.5860       -1.2000      106.3890 
   7     N       18.1900        4.2120      107.0280 
   6   CH4       18.7230        5.5450      107.0350 
   1   H41       18.6400        5.9580      108.0400 
   1   H42       18.1610        6.1630      106.3350 
   1   H43       19.7710        5.5250      106.7350 
   1   H14       17.9160        3.8570      106.1230 

