#Res        AtomicFlx
   1.000       4.6099
   2.000       3.8903
   3.000       2.1640
   4.000       2.7205
   5.000       2.5279
   6.000       1.8905
   7.000       1.4889
   8.000       2.1877
   9.000       1.7114
  10.000       1.7107
  11.000       1.3519
  12.000       1.3174
  13.000       1.0961
  14.000       1.3302
  15.000       1.1826
  16.000       1.5595
  17.000       1.2462
  18.000       1.6348
  19.000       1.5037
  20.000       1.8240
  21.000       1.8611
  22.000       2.2034
  23.000       2.1237
  24.000       2.2505
  25.000       2.2368
  26.000       1.5745
  27.000       1.5488
  28.000       1.3060
  29.000       1.3594
  30.000       1.1688
  31.000       1.6289
  32.000       1.1842
  33.000       1.6210
  34.000       1.2356
  35.000       1.5601
  36.000       1.4442
  37.000       1.9171
  38.000       2.5384
  39.000       1.2723
  40.000       1.8240
  41.000       1.2846
  42.000       1.3731
  43.000       1.1330
  44.000       1.8358
  45.000       1.1834
  46.000       1.7772
  47.000       1.6085
  48.000       1.7634
  49.000       1.9282
  50.000       2.0247
  51.000       2.4736
  52.000       1.8156
  53.000       1.8331
  54.000       1.6272
  55.000       1.5329
  56.000       1.3508
  57.000       1.2856
  58.000       1.2322
  59.000       1.1220
  60.000       0.9325
  61.000       0.6845
  62.000       0.7513
  63.000       0.6538
  64.000       0.2632
  65.000       0.8512
  66.000       0.9246
  67.000       1.0104
  68.000       1.1400
  69.000       1.3450
  70.000       2.2581
  71.000       1.5067
  72.000       1.7695
  73.000       2.2052
  74.000       2.1826
  75.000       1.9077
  76.000       1.9245
  77.000       2.3408
  78.000       1.6494
  79.000       1.3454
  80.000       1.2358
  81.000       1.0740
  82.000       1.2756
  83.000       1.4169
  84.000       1.3003
  85.000       1.2532
  86.000       1.4417
  87.000       1.8349
  88.000       1.1240
  89.000       0.9111
  90.000       1.2879
  91.000       1.2117
  92.000       1.5984
  93.000       1.1846
  94.000       1.4500
  95.000       1.3770
  96.000       1.8103
  97.000       1.6040
  98.000       2.3143
  99.000       2.5261
 100.000       2.2778
 101.000       1.8039
 102.000       1.8178
 103.000       1.4961
 104.000       1.8882
 105.000       1.2742
 106.000       2.1516
 107.000       0.9527
 108.000       1.3945
 109.000       0.9252
 110.000       1.4082
 111.000       1.6324
 112.000       2.0261
 113.000       1.9108
 114.000       1.9942
 115.000       1.4249
 116.000       1.2724
 117.000       1.2921
 118.000       1.0944
 119.000       2.0298
 120.000       0.9878
 121.000       1.6744
 122.000       1.3568
 123.000       1.8472
 124.000       1.6843
 125.000       2.1495
 126.000       2.3855
 127.000       1.9158
 128.000       2.8764
 129.000       3.0850
 130.000       3.0005
 131.000       2.2508
 132.000       2.0483
 133.000       1.8128
 134.000       2.1767
 135.000       2.1792
 136.000       2.2271
 137.000       2.4189
 138.000       1.7868
 139.000       2.1333
 140.000       1.6990
 141.000       2.0570
 142.000       1.3797
 143.000       1.5981
 144.000       1.1558
 145.000       1.1591
 146.000       1.2933
 147.000       1.1922
 148.000       1.8515
 149.000       1.4588
 150.000       1.9717
 151.000       1.6229
 152.000       1.9900
 153.000       2.9966
 154.000       3.1279
 155.000       2.5114
 156.000       2.4082
 157.000       1.5087
 158.000       1.3512
 159.000       1.7851
 160.000       1.3803
 161.000       1.7538
 162.000       1.2524
 163.000       1.7496
 164.000       1.2551
 165.000       2.2770
 166.000       1.6629
 167.000       1.8747
 168.000       2.0159
 169.000       2.6678
 170.000       2.5477
 171.000       2.3495
 172.000       2.1788
 173.000       2.0459
 174.000       2.1013
 175.000       1.8775
 176.000       1.4373
 177.000       1.6160
 178.000       1.2724
 179.000       1.6105
 180.000       1.0970
 181.000       1.7671
 182.000       1.1751
 183.000       1.4331
 184.000       1.3715
 185.000       1.3986
 186.000       1.6890
 187.000       2.3972
 188.000       1.9964
 189.000       2.1708
 190.000       1.8337
 191.000       1.6786
 192.000       1.7571
 193.000       1.5306
 194.000       2.0520
 195.000       2.4940
 196.000       1.9572
 197.000       1.7602
 198.000       1.2385
 199.000       1.1978
 200.000       1.1421
 201.000       1.6514
 202.000       1.0824
 203.000       1.1795
 204.000       1.4138
 205.000       1.5617
 206.000       2.1544
 207.000       2.3014
 208.000       2.7795
 209.000       2.9929
 210.000       2.3626
 211.000       3.1002
 212.000       2.2511
 213.000       1.9038
 214.000       2.0565
 215.000       1.3783
 216.000       1.3364
 217.000       1.0467
 218.000       1.5306
 219.000       1.0873
 220.000       2.1335
 221.000       1.2161
 222.000       1.2630
 223.000       1.4066
 224.000       2.7184
 225.000       4.0972
 226.000       6.8080
