#Frame     RMSD_00002
       1       0.0000
       2       0.6914
       3       0.6493
       4       0.7430
       5       0.6724
       6       0.7889
       7       0.7161
       8       0.8663
       9       0.7880
      10       0.8418
      11       0.8961
      12       0.8657
      13       0.9153
      14       0.8579
      15       0.9616
      16       0.9518
      17       0.8798
      18       0.9509
      19       0.8919
      20       0.8988
      21       0.8680
      22       0.8832
      23       0.9214
      24       0.8812
      25       0.9605
      26       0.8326
      27       0.9626
      28       0.9246
      29       0.9577
      30       0.9165
      31       0.9673
      32       1.0527
      33       0.8567
      34       0.9253
      35       0.9727
      36       0.9811
      37       0.8966
      38       0.9106
      39       0.9908
      40       1.0012
      41       1.0365
      42       0.9541
      43       0.9780
      44       0.9884
      45       0.9762
      46       0.9337
      47       0.9837
      48       0.9562
      49       0.9442
      50       1.2024
      51       1.0980
      52       1.0917
      53       1.0673
      54       0.9553
      55       1.0045
      56       0.9130
      57       1.0685
      58       1.1082
      59       1.1380
      60       1.1208
      61       0.9908
      62       0.9576
      63       0.8665
      64       0.7914
      65       0.9208
      66       0.9490
      67       0.9428
      68       0.9035
      69       0.9947
      70       1.0016
      71       1.0254
      72       1.0620
      73       1.0012
      74       0.9028
      75       0.9970
      76       1.1566
      77       1.0482
      78       0.9044
      79       1.0208
      80       1.0860
      81       1.1527
      82       1.2977
      83       1.2106
      84       1.1967
      85       1.0748
      86       1.0318
      87       1.0433
      88       1.1119
      89       1.0572
      90       0.9839
      91       1.0098
      92       1.1613
      93       1.2701
      94       1.2097
      95       1.1563
      96       1.2174
      97       1.0239
      98       0.9461
      99       1.0255
     100       1.0327
     101       1.1329
     102       1.0472
     103       1.0723
     104       1.0527
     105       1.0213
     106       1.0007
     107       0.9456
     108       0.9305
     109       0.9867
     110       1.0414
     111       1.0436
     112       1.0986
     113       1.0161
     114       1.0260
     115       1.3002
     116       1.0144
     117       1.1036
     118       1.0721
     119       1.0488
     120       1.0454
     121       0.9895
     122       1.0247
     123       0.9546
     124       1.0001
     125       1.0298
     126       1.0913
     127       0.9685
     128       0.9760
     129       1.0784
     130       1.0074
     131       1.0376
     132       1.0319
     133       1.0135
     134       1.0548
     135       1.0431
     136       1.0751
     137       1.0327
     138       0.9362
     139       0.9350
     140       0.9775
     141       1.0081
     142       1.0391
     143       0.9266
     144       1.0137
     145       0.9725
     146       0.9685
     147       0.9581
     148       0.9390
     149       1.0336
     150       0.9823
     151       1.0555
     152       1.0957
     153       1.0943
     154       1.0562
     155       1.0789
     156       1.0435
     157       1.0970
     158       1.1995
     159       1.1428
     160       1.1435
     161       1.1529
     162       1.0334
     163       1.1748
     164       1.0481
     165       1.1355
     166       1.1512
     167       1.1596
     168       1.0258
     169       1.0600
     170       1.1384
     171       1.1681
     172       1.2057
     173       1.0821
     174       1.1576
     175       1.2246
     176       1.3360
     177       1.2526
     178       1.3086
     179       1.3261
     180       1.3413
     181       1.2511
     182       1.2315
     183       1.1871
     184       1.2916
     185       1.1977
     186       1.3032
     187       1.2354
     188       1.2286
     189       1.3161
     190       1.4371
     191       1.2639
     192       1.2830
     193       1.1910
     194       1.2495
     195       1.2786
     196       1.2973
     197       1.2325
     198       1.1871
     199       1.2308
     200       1.1310
     201       1.1831
     202       1.1212
     203       1.0977
     204       1.0499
     205       1.0029
     206       0.9918
     207       1.0351
     208       1.0520
     209       1.0610
     210       1.1338
     211       1.0418
     212       1.0413
     213       1.1752
     214       1.3096
     215       1.1242
     216       1.0965
     217       0.9547
     218       0.9678
     219       0.9158
     220       1.0665
     221       0.9837
     222       1.0672
     223       1.0458
     224       1.1444
     225       1.0580
     226       1.0600
     227       1.1615
     228       1.0919
     229       1.1239
     230       1.1207
     231       1.0539
     232       1.1707
     233       1.1777
     234       1.1472
     235       1.2358
     236       1.2375
     237       1.2041
     238       1.1152
     239       1.1952
     240       1.0774
     241       1.1469
     242       1.1490
     243       1.1472
     244       1.2122
     245       1.1040
     246       1.2179
     247       1.3002
     248       1.0407
     249       1.0784
     250       1.1289
     251       1.0810
     252       1.1929
     253       1.1262
     254       1.1008
     255       1.0382
     256       1.1744
     257       1.1435
     258       1.1032
     259       1.1450
     260       1.1895
     261       1.1916
     262       1.1227
     263       1.1175
     264       1.1277
     265       1.2392
     266       1.1584
     267       1.1825
     268       1.1980
     269       1.2516
     270       1.0339
     271       1.1410
     272       1.1592
     273       1.0613
     274       1.0337
     275       1.1938
     276       1.1231
     277       1.1252
     278       1.2520
     279       1.2932
     280       1.2135
     281       1.0980
     282       1.2930
     283       1.2976
     284       1.1878
     285       1.1313
     286       1.1610
     287       1.1785
     288       1.2518
     289       1.2940
     290       1.3878
     291       1.3623
     292       1.0935
     293       1.1675
     294       1.3945
     295       1.1916
     296       1.2270
     297       1.2239
     298       1.1048
     299       1.2097
     300       1.1533
     301       1.1607
     302       1.0454
     303       1.2711
     304       1.1910
     305       1.1742
     306       1.1818
     307       1.0555
     308       1.0301
     309       1.1672
     310       1.1808
     311       1.1174
     312       1.0953
     313       1.1906
     314       1.0842
     315       1.1749
     316       1.0964
     317       1.2862
     318       1.3726
     319       1.3141
     320       1.3374
     321       1.2729
     322       1.1418
     323       1.1638
     324       1.1876
     325       1.2752
     326       1.2966
     327       1.2839
     328       1.2809
     329       1.2733
     330       1.2543
     331       1.1696
     332       1.1927
     333       1.1845
     334       1.1828
     335       1.2937
     336       1.2245
     337       1.2463
     338       1.2647
     339       1.2298
     340       1.1762
     341       1.1785
     342       1.2443
     343       1.2547
     344       1.2571
     345       1.2982
     346       1.2987
     347       1.1521
     348       1.1675
     349       1.2521
     350       1.1957
     351       1.2926
     352       1.3698
     353       1.3034
     354       1.2587
     355       1.1922
     356       1.2250
     357       1.1677
     358       1.3079
     359       1.2944
     360       1.3570
     361       1.3516
     362       1.3620
     363       1.2848
     364       1.2434
     365       1.3766
     366       1.1742
     367       1.2748
     368       1.2995
     369       1.0538
     370       1.2928
     371       1.2571
     372       1.1756
     373       1.2023
     374       1.2026
     375       1.1713
     376       1.3547
     377       1.2112
     378       1.2770
     379       1.1262
     380       1.2542
     381       1.2516
     382       1.1341
     383       1.1419
     384       1.1783
     385       1.2280
     386       1.0551
     387       1.2652
     388       1.1902
     389       1.1652
     390       1.2270
     391       1.3142
     392       1.3520
     393       1.4219
     394       1.2304
     395       1.1257
     396       1.1943
     397       1.0131
     398       1.0148
     399       1.0506
     400       1.0740
     401       1.2061
     402       1.2022
     403       1.0662
     404       0.9820
     405       1.0737
     406       0.9488
     407       1.0224
     408       1.0794
     409       1.2680
     410       1.0878
     411       1.0313
     412       1.0629
     413       1.1515
     414       1.2317
     415       1.2157
     416       1.1829
     417       1.2081
     418       1.1787
     419       1.0279
     420       1.1940
     421       1.1855
     422       1.0918
     423       1.1396
     424       1.1919
     425       1.1063
     426       1.1964
     427       1.2434
     428       1.1201
     429       1.1297
     430       1.0613
     431       1.2327
     432       1.0650
     433       1.1284
     434       1.1691
     435       1.2025
     436       1.1666
     437       1.2246
     438       1.2268
     439       1.1094
     440       1.1925
     441       1.1809
     442       1.2031
     443       1.3564
     444       1.3700
     445       1.2544
     446       1.2692
     447       1.2321
     448       1.4105
     449       1.3831
     450       1.1204
     451       1.1733
     452       1.2286
     453       1.2857
     454       1.3659
     455       1.2543
     456       1.2272
     457       1.3379
     458       1.2694
     459       1.2998
     460       1.3367
     461       1.2083
     462       1.2309
     463       1.1539
     464       1.1350
     465       1.1534
     466       1.0932
     467       1.1110
     468       1.3731
     469       1.3930
     470       1.5248
     471       1.3975
     472       1.3204
     473       1.2164
     474       1.2453
     475       1.1524
     476       1.2989
     477       1.3519
     478       1.3371
     479       1.3183
     480       1.3912
     481       1.3131
     482       1.2362
     483       1.2294
     484       1.1928
     485       1.2116
     486       1.2195
     487       1.3089
     488       1.2315
     489       1.1739
     490       1.1865
     491       1.3120
     492       1.2612
     493       1.3123
     494       1.2271
     495       1.2725
     496       1.2846
     497       1.2489
     498       1.2701
     499       1.2025
     500       1.2485
     501       1.3989
     502       1.4080
     503       1.2445
     504       1.3074
     505       1.2055
     506       1.2682
     507       1.3697
     508       1.2904
     509       1.2598
     510       1.2718
     511       1.2451
     512       1.2020
     513       1.1233
     514       1.1619
     515       1.2132
     516       1.1622
     517       1.1991
     518       1.1672
     519       1.2705
     520       1.2849
     521       1.3317
     522       1.3284
     523       1.3824
     524       1.2646
     525       1.2431
     526       1.2746
     527       1.3064
     528       1.3234
     529       1.2809
     530       1.2918
     531       1.2604
     532       1.3256
     533       1.3502
     534       1.3484
     535       1.3076
     536       1.3015
     537       1.3281
     538       1.3697
     539       1.3570
     540       1.4073
     541       1.3730
     542       1.3193
     543       1.4049
     544       1.4430
     545       1.3863
     546       1.2033
     547       1.2371
     548       1.3777
     549       1.3222
     550       1.2016
     551       1.1553
     552       1.2807
     553       1.2248
     554       1.2508
     555       1.3272
     556       1.2706
     557       1.1982
     558       1.2467
     559       1.1870
     560       1.3586
     561       1.3289
     562       1.2760
     563       1.3394
     564       1.3318
     565       1.4201
     566       1.3640
     567       1.2973
     568       1.3168
     569       1.3490
     570       1.3583
     571       1.3252
     572       1.3479
     573       1.3983
     574       1.3196
     575       1.4167
     576       1.3538
     577       1.3421
     578       1.3178
     579       1.3632
     580       1.3959
     581       1.2444
     582       1.2910
     583       1.3748
     584       1.2710
     585       1.3097
     586       1.3760
     587       1.3938
     588       1.3973
     589       1.3377
     590       1.3643
     591       1.4127
     592       1.3692
     593       1.3606
     594       1.3048
     595       1.4522
     596       1.3761
     597       1.3524
     598       1.2543
     599       1.1750
     600       1.2027
     601       1.2475
     602       1.1872
     603       1.2107
     604       1.3349
     605       1.2918
     606       1.3698
     607       1.2813
     608       1.2115
     609       1.3262
     610       1.3236
     611       1.2967
     612       1.2267
     613       1.2468
     614       1.3446
     615       1.3550
     616       1.3290
     617       1.2230
     618       1.3606
     619       1.2149
     620       1.2580
     621       1.3063
     622       1.3069
     623       1.4388
     624       1.3115
     625       1.2570
     626       1.2956
     627       1.3839
     628       1.3125
     629       1.3280
     630       1.2941
     631       1.3760
     632       1.2726
     633       1.4231
     634       1.3679
     635       1.3476
     636       1.3868
     637       1.4521
     638       1.4169
     639       1.5627
     640       1.6817
     641       1.5979
     642       1.3375
     643       1.2615
     644       1.3454
     645       1.3507
     646       1.5297
     647       1.2756
     648       1.3061
     649       1.2884
     650       1.3215
     651       1.4195
     652       1.4131
     653       1.3977
     654       1.3984
     655       1.2982
     656       1.3574
     657       1.4286
     658       1.4118
     659       1.4647
     660       1.4038
     661       1.5253
     662       1.4108
     663       1.3606
     664       1.3164
     665       1.4724
     666       1.3474
     667       1.5100
     668       1.5514
     669       1.5240
     670       1.3708
     671       1.4905
     672       1.6100
     673       1.4720
     674       1.5638
     675       1.5937
     676       1.4405
     677       1.4573
     678       1.4964
     679       1.4105
     680       1.4382
     681       1.4426
     682       1.3877
     683       1.3911
     684       1.4635
     685       1.4578
     686       1.4410
     687       1.3116
     688       1.3622
     689       1.4902
     690       1.3985
     691       1.4139
     692       1.4397
     693       1.2873
     694       1.3554
     695       1.5324
     696       1.4562
     697       1.4197
     698       1.3285
     699       1.3445
     700       1.4335
     701       1.3050
     702       1.3801
     703       1.3467
     704       1.3924
     705       1.3045
     706       1.3077
     707       1.3223
     708       1.3287
     709       1.2905
     710       1.3059
     711       1.2545
     712       1.3600
     713       1.4127
     714       1.3936
     715       1.5225
     716       1.3691
     717       1.3551
     718       1.3205
     719       1.3696
     720       1.2440
     721       1.3379
     722       1.2480
     723       1.2989
     724       1.4070
     725       1.3236
     726       1.3576
     727       1.4204
     728       1.4833
     729       1.4853
     730       1.4187
     731       1.4681
     732       1.5386
     733       1.4301
     734       1.4414
     735       1.3679
     736       1.4530
     737       1.4179
     738       1.4688
     739       1.4447
     740       1.3942
     741       1.4251
     742       1.4813
     743       1.4583
     744       1.4508
     745       1.4303
     746       1.4168
     747       1.4390
     748       1.3659
     749       1.3632
     750       1.4083
     751       1.4213
     752       1.3270
     753       1.4732
     754       1.4656
     755       1.4138
     756       1.3582
     757       1.3569
     758       1.3258
     759       1.3364
     760       1.4266
     761       1.4210
     762       1.4263
     763       1.4143
     764       1.3977
     765       1.3725
     766       1.4437
     767       1.4078
     768       1.4280
     769       1.4524
     770       1.4146
     771       1.3812
     772       1.3558
     773       1.4039
     774       1.3296
     775       1.2944
     776       1.3619
     777       1.3501
     778       1.4187
     779       1.3602
     780       1.4244
     781       1.3864
     782       1.3568
     783       1.3290
     784       1.3476
     785       1.3197
     786       1.4856
     787       1.3804
     788       1.3940
     789       1.3785
     790       1.4826
     791       1.3795
     792       1.4405
     793       1.3961
     794       1.4483
     795       1.4457
     796       1.3513
     797       1.4306
     798       1.4055
     799       1.3252
     800       1.3761
     801       1.3968
     802       1.3396
     803       1.3676
     804       1.4604
     805       1.3779
     806       1.4107
     807       1.4506
     808       1.4845
     809       1.4612
     810       1.3651
     811       1.4539
     812       1.3893
     813       1.3899
     814       1.4354
     815       1.4638
     816       1.3605
     817       1.3808
     818       1.3961
     819       1.3684
     820       1.5470
     821       1.5218
     822       1.4381
     823       1.3183
     824       1.3508
     825       1.3713
     826       1.4301
     827       1.3060
     828       1.3760
     829       1.4375
     830       1.3128
     831       1.4141
     832       1.5462
     833       1.5404
     834       1.4215
     835       1.4042
     836       1.3443
     837       1.3392
     838       1.3865
     839       1.4429
     840       1.4270
     841       1.3612
     842       1.4036
     843       1.3357
     844       1.3026
     845       1.2305
     846       1.4580
     847       1.3842
     848       1.4142
     849       1.3624
     850       1.3843
     851       1.4135
     852       1.4086
     853       1.3485
     854       1.3717
     855       1.3563
     856       1.3927
     857       1.3470
     858       1.3729
     859       1.3466
     860       1.3144
     861       1.3142
     862       1.3379
     863       1.3845
     864       1.3807
     865       1.3462
     866       1.4075
     867       1.3926
     868       1.3261
     869       1.3499
     870       1.2573
     871       1.3060
     872       1.3146
     873       1.4288
     874       1.3951
     875       1.3414
     876       1.2960
     877       1.4705
     878       1.3663
     879       1.4362
     880       1.3478
     881       1.3839
     882       1.2943
     883       1.3386
     884       1.3687
     885       1.3604
     886       1.2545
     887       1.3597
     888       1.3653
     889       1.3194
     890       1.3355
     891       1.3074
     892       1.2624
     893       1.2455
     894       1.3591
     895       1.3515
     896       1.4611
     897       1.3904
     898       1.4283
     899       1.3761
     900       1.2540
     901       1.3745
     902       1.4802
     903       1.4879
     904       1.3779
     905       1.3964
     906       1.4208
     907       1.3280
     908       1.3691
     909       1.3455
     910       1.3383
     911       1.5000
     912       1.3199
     913       1.4377
     914       1.3307
     915       1.2839
     916       1.3307
     917       1.3525
     918       1.4471
     919       1.3520
     920       1.3118
     921       1.2325
     922       1.3407
     923       1.2454
     924       1.2698
     925       1.2785
     926       1.3303
     927       1.3455
     928       1.2817
     929       1.1664
     930       1.2153
     931       1.3125
     932       1.3666
     933       1.4290
     934       1.4127
     935       1.3326
     936       1.3778
     937       1.4159
     938       1.3406
     939       1.3744
     940       1.3698
     941       1.3395
     942       1.3530
     943       1.5679
     944       1.4730
     945       1.5482
     946       1.4224
     947       1.5461
     948       1.2661
     949       1.2169
     950       1.2334
     951       1.3741
     952       1.5534
     953       1.3914
     954       1.2722
     955       1.3057
     956       1.2295
     957       1.3782
     958       1.3250
     959       1.3769
     960       1.4405
     961       1.5052
     962       1.3003
     963       1.4274
     964       1.4523
     965       1.4108
     966       1.3620
     967       1.4305
     968       1.4408
     969       1.3781
     970       1.6478
     971       1.4159
     972       1.4057
     973       1.3463
     974       1.3445
     975       1.2748
     976       1.3208
     977       1.2727
     978       1.3292
     979       1.3505
     980       1.3021
     981       1.3248
     982       1.2699
     983       1.3958
     984       1.3921
     985       1.3131
     986       1.3370
     987       1.2497
     988       1.3574
     989       1.2559
     990       1.2528
     991       1.3386
     992       1.3346
     993       1.3259
     994       1.4374
     995       1.3325
     996       1.4081
     997       1.3784
     998       1.4868
     999       1.4184
    1000       1.4516
    1001       1.4421
    1002       1.4044
    1003       1.3359
    1004       1.3804
    1005       1.3194
    1006       1.3972
    1007       1.3497
    1008       1.3820
    1009       1.3212
    1010       1.3340
    1011       1.3457
    1012       1.3761
    1013       1.4019
    1014       1.3296
    1015       1.3758
    1016       1.2901
    1017       1.3896
    1018       1.3534
    1019       1.3090
    1020       1.3523
    1021       1.3295
    1022       1.2232
    1023       1.3005
    1024       1.2823
    1025       1.2350
    1026       1.3268
    1027       1.3272
    1028       1.3534
    1029       1.2455
    1030       1.2544
    1031       1.3875
    1032       1.4254
    1033       1.4123
    1034       1.4510
    1035       1.4220
    1036       1.3651
    1037       1.3184
    1038       1.3913
    1039       1.4476
    1040       1.2657
    1041       1.2743
    1042       1.4999
    1043       1.4229
    1044       1.3111
    1045       1.3308
    1046       1.2982
    1047       1.2944
    1048       1.4034
    1049       1.2518
    1050       1.3196
    1051       1.4406
    1052       1.2293
    1053       1.3190
    1054       1.2622
    1055       1.3350
    1056       1.3243
    1057       1.2852
    1058       1.2268
    1059       1.2833
    1060       1.2621
    1061       1.4401
    1062       1.4035
    1063       1.3361
    1064       1.3149
    1065       1.3723
    1066       1.2262
    1067       1.3943
    1068       1.2920
    1069       1.4278
    1070       1.3868
    1071       1.3860
    1072       1.4027
    1073       1.3279
    1074       1.3736
    1075       1.3510
    1076       1.2918
    1077       1.3745
    1078       1.3821
    1079       1.3556
    1080       1.5803
    1081       1.5240
    1082       1.4480
    1083       1.4931
    1084       1.4635
    1085       1.4807
    1086       1.4176
    1087       1.4487
    1088       1.4096
    1089       1.3014
    1090       1.4525
    1091       1.3965
    1092       1.3806
    1093       1.4056
    1094       1.4934
    1095       1.3979
    1096       1.4873
    1097       1.3405
    1098       1.4241
    1099       1.4530
    1100       1.4917
    1101       1.4042
    1102       1.3562
    1103       1.3598
    1104       1.4632
    1105       1.3972
    1106       1.3369
    1107       1.3082
    1108       1.3730
    1109       1.3463
    1110       1.4450
    1111       1.3471
    1112       1.4477
    1113       1.3712
    1114       1.3614
    1115       1.4950
    1116       1.4410
    1117       1.4781
    1118       1.4597
    1119       1.3565
    1120       1.3300
    1121       1.2917
    1122       1.2950
    1123       1.3505
    1124       1.2489
    1125       1.5199
    1126       1.4672
    1127       1.5156
    1128       1.5312
    1129       1.3072
    1130       1.4337
    1131       1.2683
    1132       1.3260
    1133       1.4125
    1134       1.2948
    1135       1.2886
    1136       1.4102
    1137       1.4338
    1138       1.3008
    1139       1.3335
    1140       1.3090
    1141       1.3382
    1142       1.3379
    1143       1.2896
    1144       1.2250
    1145       1.3152
    1146       1.5248
    1147       1.2855
    1148       1.4015
    1149       1.2704
    1150       1.2762
    1151       1.2951
    1152       1.3551
    1153       1.3180
    1154       1.3474
    1155       1.4504
    1156       1.2937
    1157       1.2989
    1158       1.2510
    1159       1.3112
    1160       1.4081
    1161       1.4075
    1162       1.3239
    1163       1.3790
    1164       1.4507
    1165       1.3436
    1166       1.3057
    1167       1.3836
    1168       1.3288
    1169       1.4107
    1170       1.3128
    1171       1.3999
    1172       1.4425
    1173       1.3623
    1174       1.3764
    1175       1.1744
    1176       1.2807
    1177       1.3948
    1178       1.3855
    1179       1.3338
    1180       1.3306
    1181       1.4301
    1182       1.3328
    1183       1.4443
    1184       1.4890
    1185       1.4777
    1186       1.4319
    1187       1.3913
    1188       1.3136
    1189       1.5122
    1190       1.4420
    1191       1.4290
    1192       1.3590
    1193       1.3749
    1194       1.4761
    1195       1.3791
    1196       1.4021
    1197       1.4594
    1198       1.4614
    1199       1.4476
    1200       1.4443
    1201       1.4321
    1202       1.5692
    1203       1.3625
    1204       1.3987
    1205       1.3957
    1206       1.2426
    1207       1.2918
    1208       1.2116
    1209       1.2786
    1210       1.4370
    1211       1.2915
    1212       1.2927
    1213       1.3190
    1214       1.3439
    1215       1.2314
    1216       1.4653
    1217       1.3900
    1218       1.4061
    1219       1.3956
    1220       1.5647
    1221       1.5744
    1222       1.6741
    1223       1.4384
    1224       1.5705
    1225       1.5161
    1226       1.5251
    1227       1.5327
    1228       1.4920
    1229       1.5160
    1230       1.5111
    1231       1.5319
    1232       1.5559
    1233       1.6008
    1234       1.4538
    1235       1.4888
    1236       1.5143
    1237       1.6228
    1238       1.4991
    1239       1.5129
    1240       1.4222
    1241       1.3950
    1242       1.4098
    1243       1.4852
    1244       1.5571
    1245       1.5391
    1246       1.4309
    1247       1.4493
    1248       1.4097
    1249       1.3987
    1250       1.3865
    1251       1.4321
    1252       1.6213
    1253       1.6780
    1254       1.4852
    1255       1.5300
    1256       1.4294
    1257       1.6190
    1258       1.5672
    1259       1.6378
    1260       1.5877
    1261       1.5950
    1262       1.7630
    1263       1.5892
    1264       1.5594
    1265       1.5490
    1266       1.5558
    1267       1.5123
    1268       1.5634
    1269       1.6049
    1270       1.6056
    1271       1.6140
    1272       1.5355
    1273       1.5754
    1274       1.6872
    1275       1.4959
    1276       1.6670
    1277       1.4817
    1278       1.7505
    1279       1.6068
    1280       1.6509
    1281       1.6913
    1282       1.6446
    1283       1.7046
    1284       1.5589
    1285       1.5353
    1286       1.6082
    1287       1.5599
    1288       1.5131
    1289       1.6136
    1290       1.6109
    1291       1.5795
    1292       1.6217
    1293       1.5787
    1294       1.4507
    1295       1.5109
    1296       1.5336
    1297       1.5385
    1298       1.4059
    1299       1.5446
    1300       1.4009
    1301       1.3474
    1302       1.4914
    1303       1.4824
    1304       1.4448
    1305       1.5577
    1306       1.5453
    1307       1.3673
    1308       1.5083
    1309       1.4972
    1310       1.4303
    1311       1.3693
    1312       1.3372
    1313       1.3219
    1314       1.3276
    1315       1.3446
    1316       1.3809
    1317       1.2838
    1318       1.4117
    1319       1.4947
    1320       1.3868
    1321       1.3390
    1322       1.3310
    1323       1.2076
    1324       1.2419
    1325       1.2802
    1326       1.2226
    1327       1.3508
    1328       1.3972
    1329       1.5191
    1330       1.4984
    1331       1.4706
    1332       1.5504
    1333       1.4548
    1334       1.4840
    1335       1.5690
    1336       1.5305
    1337       1.5012
    1338       1.4870
    1339       1.4078
    1340       1.3372
    1341       1.4360
    1342       1.5493
    1343       1.4179
    1344       1.5087
    1345       1.4033
    1346       1.3474
    1347       1.5380
    1348       1.4534
    1349       1.5801
    1350       1.4834
    1351       1.4733
    1352       1.4466
    1353       1.3626
    1354       1.3681
    1355       1.4127
    1356       1.5005
    1357       1.4997
    1358       1.4966
    1359       1.3966
    1360       1.4997
    1361       1.3978
    1362       1.4877
    1363       1.4562
    1364       1.4247
    1365       1.4227
    1366       1.3029
    1367       1.3942
    1368       1.4115
    1369       1.3060
    1370       1.4714
    1371       1.3998
    1372       1.3903
    1373       1.5400
    1374       1.3708
    1375       1.2895
    1376       1.3796
    1377       1.4323
    1378       1.4057
    1379       1.4427
    1380       1.4645
    1381       1.3766
    1382       1.4038
    1383       1.4738
    1384       1.5154
    1385       1.3303
    1386       1.2945
    1387       1.2738
    1388       1.3590
    1389       1.3340
    1390       1.3355
    1391       1.3434
    1392       1.2882
    1393       1.3605
    1394       1.3679
    1395       1.3547
    1396       1.3714
    1397       1.3175
    1398       1.3197
    1399       1.4248
    1400       1.4654
    1401       1.3915
    1402       1.4706
    1403       1.4143
    1404       1.5614
    1405       1.4937
    1406       1.5170
    1407       1.5054
    1408       1.4209
    1409       1.5698
    1410       1.4087
    1411       1.5104
    1412       1.4942
    1413       1.5076
    1414       1.5679
    1415       1.3969
    1416       1.4131
    1417       1.4206
    1418       1.3639
    1419       1.4491
    1420       1.3971
    1421       1.4447
    1422       1.3878
    1423       1.4178
    1424       1.3590
    1425       1.5083
    1426       1.5073
    1427       1.3343
    1428       1.3267
    1429       1.2892
    1430       1.3213
    1431       1.3600
    1432       1.3774
    1433       1.3975
    1434       1.4225
    1435       1.4919
    1436       1.3527
    1437       1.3976
    1438       1.5050
    1439       1.4652
    1440       1.3803
    1441       1.4300
    1442       1.3353
    1443       1.4328
    1444       1.4036
    1445       1.4080
    1446       1.4791
    1447       1.4489
    1448       1.4156
    1449       1.4494
    1450       1.4772
    1451       1.3983
    1452       1.4371
    1453       1.4291
    1454       1.4243
    1455       1.4899
    1456       1.4547
    1457       1.4369
    1458       1.4635
    1459       1.4477
    1460       1.3454
    1461       1.4305
    1462       1.4378
    1463       1.3675
    1464       1.2986
    1465       1.4146
    1466       1.5532
    1467       1.4777
    1468       1.4381
    1469       1.4302
    1470       1.3453
    1471       1.3638
    1472       1.3610
    1473       1.4628
    1474       1.3149
    1475       1.4053
    1476       1.5323
    1477       1.5685
    1478       1.4490
    1479       1.3561
    1480       1.3640
    1481       1.4356
    1482       1.5025
    1483       1.4120
    1484       1.3920
    1485       1.4046
    1486       1.3952
    1487       1.4308
    1488       1.3593
    1489       1.3686
    1490       1.3712
    1491       1.4794
    1492       1.6724
    1493       1.5992
    1494       1.4962
    1495       1.4335
    1496       1.4039
    1497       1.3583
    1498       1.5182
    1499       1.4075
    1500       1.4688
    1501       1.3904
    1502       1.4308
    1503       1.3615
    1504       1.2987
    1505       1.3911
    1506       1.3085
    1507       1.4594
    1508       1.4331
    1509       1.4789
    1510       1.4591
    1511       1.4799
    1512       1.4707
    1513       1.4596
    1514       1.4177
    1515       1.4115
    1516       1.4540
    1517       1.4745
    1518       1.3617
    1519       1.3442
    1520       1.3950
    1521       1.4218
    1522       1.4578
    1523       1.3345
    1524       1.4288
    1525       1.3861
    1526       1.3531
    1527       1.3695
    1528       1.3543
    1529       1.3426
    1530       1.3884
    1531       1.4079
    1532       1.3914
    1533       1.3708
    1534       1.4061
    1535       1.4308
    1536       1.3965
    1537       1.4420
    1538       1.4408
    1539       1.4333
    1540       1.2934
    1541       1.3555
    1542       1.3625
    1543       1.3916
    1544       1.3140
    1545       1.4150
    1546       1.4501
    1547       1.4459
    1548       1.4878
    1549       1.5535
    1550       1.4660
    1551       1.2685
    1552       1.4574
    1553       1.5159
    1554       1.4337
    1555       1.4074
    1556       1.4609
    1557       1.2753
    1558       1.4215
    1559       1.4496
    1560       1.2928
    1561       1.2595
    1562       1.3852
    1563       1.3558
    1564       1.3185
    1565       1.3973
    1566       1.3831
    1567       1.4645
    1568       1.4358
    1569       1.4060
    1570       1.4372
    1571       1.3695
    1572       1.6263
    1573       1.5886
    1574       1.3883
    1575       1.2849
    1576       1.4085
    1577       1.3954
    1578       1.3896
    1579       1.4582
    1580       1.3632
    1581       1.4427
    1582       1.3084
    1583       1.3934
    1584       1.5518
    1585       1.4693
    1586       1.3813
    1587       1.5060
    1588       1.3009
    1589       1.3166
    1590       1.4445
    1591       1.4548
    1592       1.4866
    1593       1.5628
    1594       1.5828
    1595       1.5381
    1596       1.4859
    1597       1.5524
    1598       1.7128
    1599       1.5320
    1600       1.4929
    1601       1.4286
    1602       1.4119
    1603       1.3608
    1604       1.3847
    1605       1.4443
    1606       1.4991
    1607       1.4688
    1608       1.4579
    1609       1.3389
    1610       1.2730
    1611       1.3685
    1612       1.4004
    1613       1.3706
    1614       1.5373
    1615       1.3342
    1616       1.3557
    1617       1.2787
    1618       1.4845
    1619       1.4089
    1620       1.4500
    1621       1.2511
    1622       1.3446
    1623       1.4630
    1624       1.3007
    1625       1.4523
    1626       1.4043
    1627       1.3134
    1628       1.4840
    1629       1.4783
    1630       1.3314
    1631       1.5681
    1632       1.4770
    1633       1.4574
    1634       1.4532
    1635       1.4459
    1636       1.4320
    1637       1.4455
    1638       1.4080
    1639       1.4693
    1640       1.4953
    1641       1.5294
    1642       1.4486
    1643       1.3071
    1644       1.2794
    1645       1.3223
    1646       1.3352
    1647       1.2928
    1648       1.4148
    1649       1.4932
    1650       1.5327
    1651       1.4120
    1652       1.4172
    1653       1.3870
    1654       1.3649
    1655       1.4366
    1656       1.3307
    1657       1.3475
    1658       1.5089
    1659       1.3568
    1660       1.3644
    1661       1.3772
    1662       1.3868
    1663       1.4619
    1664       1.4744
    1665       1.3081
    1666       1.2613
    1667       1.3598
    1668       1.3905
    1669       1.3013
    1670       1.4377
    1671       1.3608
    1672       1.7007
    1673       1.5114
    1674       1.7448
    1675       1.7022
    1676       1.5680
    1677       1.5285
    1678       1.6831
    1679       1.4863
    1680       1.6020
    1681       1.6307
    1682       1.5775
    1683       1.5484
    1684       1.6738
    1685       1.6744
    1686       1.7452
    1687       1.6552
    1688       1.7237
    1689       1.6384
    1690       1.6356
    1691       1.7213
    1692       1.6561
    1693       1.6444
    1694       1.5731
    1695       1.4954
    1696       1.5719
    1697       1.5742
    1698       1.4858
    1699       1.7257
    1700       1.7075
    1701       1.7477
    1702       1.4411
    1703       1.5564
    1704       1.6130
    1705       1.5060
    1706       1.5462
    1707       1.5063
    1708       1.6063
    1709       1.6651
    1710       1.5659
    1711       1.5224
    1712       1.5623
    1713       1.5714
    1714       1.5060
    1715       1.6059
    1716       1.5996
    1717       1.4532
    1718       1.5821
    1719       1.3235
    1720       1.4890
    1721       1.3666
    1722       1.4608
    1723       1.4739
    1724       1.3157
    1725       1.2629
    1726       1.4075
    1727       1.4043
    1728       1.3416
    1729       1.2543
    1730       1.5451
    1731       1.4827
    1732       1.4880
    1733       1.4287
    1734       1.6317
    1735       1.4438
    1736       1.5324
    1737       1.5023
    1738       1.5450
    1739       1.5460
    1740       1.5489
    1741       1.6156
    1742       1.5950
    1743       1.4662
    1744       1.5533
    1745       1.5945
    1746       1.5795
    1747       1.5919
    1748       1.6830
    1749       1.6457
    1750       1.7130
    1751       1.6584
    1752       1.7036
    1753       1.7127
    1754       1.6476
    1755       1.6923
    1756       1.5694
    1757       1.6930
    1758       1.6155
    1759       1.7426
    1760       1.6339
    1761       1.7160
    1762       1.8320
    1763       1.7268
    1764       1.6580
    1765       1.6720
    1766       1.6355
    1767       1.5319
    1768       1.6040
    1769       1.5782
    1770       1.6450
    1771       1.5387
    1772       1.5740
    1773       1.5693
    1774       1.6232
    1775       1.6060
    1776       1.6057
    1777       1.6394
    1778       1.5896
    1779       1.4745
    1780       1.5522
    1781       1.4416
    1782       1.4648
    1783       1.4745
    1784       1.5605
    1785       1.5119
    1786       1.5659
    1787       1.5699
    1788       1.5489
    1789       1.5695
    1790       1.5001
    1791       1.6269
    1792       1.5310
    1793       1.5277
    1794       1.5760
    1795       1.4293
    1796       1.4510
    1797       1.4747
    1798       1.5307
    1799       1.4858
    1800       1.4520
    1801       1.5310
    1802       1.5157
    1803       1.5047
    1804       1.4906
    1805       1.5380
    1806       1.4876
    1807       1.5365
    1808       1.5986
    1809       1.6061
    1810       1.5460
    1811       1.4564
    1812       1.6252
    1813       1.5394
    1814       1.4004
    1815       1.5668
    1816       1.5655
    1817       1.5977
    1818       1.5785
    1819       1.5066
    1820       1.5144
    1821       1.5002
    1822       1.5516
    1823       1.5360
    1824       1.5130
    1825       1.4573
    1826       1.5812
    1827       1.5462
    1828       1.5530
    1829       1.5073
    1830       1.4159
    1831       1.5656
    1832       1.5137
    1833       1.5068
    1834       1.5140
    1835       1.5291
    1836       1.4965
    1837       1.5351
    1838       1.4698
    1839       1.4657
    1840       1.6358
    1841       1.4887
    1842       1.5647
    1843       1.6475
    1844       1.5161
    1845       1.5239
    1846       1.4732
    1847       1.4974
    1848       1.5654
    1849       1.4908
    1850       1.5228
    1851       1.4846
    1852       1.4766
    1853       1.5098
    1854       1.4920
    1855       1.5172
    1856       1.5242
    1857       1.4116
    1858       1.5045
    1859       1.5184
    1860       1.4755
    1861       1.5118
    1862       1.5384
    1863       1.6068
    1864       1.5433
    1865       1.5376
    1866       1.4741
    1867       1.3830
    1868       1.4083
    1869       1.4758
    1870       1.5043
    1871       1.4416
    1872       1.4773
    1873       1.5779
    1874       1.4694
    1875       1.5165
    1876       1.4756
    1877       1.6322
    1878       1.5278
    1879       1.4593
    1880       1.4258
    1881       1.4981
    1882       1.5319
    1883       1.5491
    1884       1.4577
    1885       1.5084
    1886       1.4548
    1887       1.5102
    1888       1.5447
    1889       1.5165
    1890       1.4789
    1891       1.4885
    1892       1.5007
    1893       1.5518
    1894       1.4822
    1895       1.5812
    1896       1.3871
    1897       1.3370
    1898       1.3096
    1899       1.4395
    1900       1.2687
    1901       1.4056
    1902       1.3989
    1903       1.5298
    1904       1.4315
    1905       1.4727
    1906       1.4807
    1907       1.4751
    1908       1.5175
    1909       1.4847
    1910       1.2831
    1911       1.3470
    1912       1.4224
    1913       1.3573
    1914       1.3984
    1915       1.3335
    1916       1.4044
    1917       1.2408
    1918       1.2591
    1919       1.2274
    1920       1.2064
    1921       1.2731
    1922       1.3049
    1923       1.2559
    1924       1.3217
    1925       1.5147
    1926       1.4287
    1927       1.3933
    1928       1.4488
    1929       1.4628
    1930       1.3200
    1931       1.2991
    1932       1.3690
    1933       1.3485
    1934       1.3788
    1935       1.4494
    1936       1.3232
    1937       1.3096
    1938       1.4315
    1939       1.5275
    1940       1.4333
    1941       1.3629
    1942       1.4549
    1943       1.3963
    1944       1.5735
    1945       1.3711
    1946       1.2547
    1947       1.4726
    1948       1.5665
    1949       1.4487
    1950       1.5506
    1951       1.4684
    1952       1.4657
    1953       1.4537
    1954       1.5258
    1955       1.5898
    1956       1.6797
    1957       1.6507
    1958       1.6632
    1959       1.7161
    1960       1.6283
    1961       1.6095
    1962       1.6562
    1963       1.5769
    1964       1.4897
    1965       1.5311
    1966       1.6428
    1967       1.5546
    1968       1.5545
    1969       1.4977
    1970       1.5243
    1971       1.5521
    1972       1.4252
    1973       1.3770
    1974       1.4901
    1975       1.4845
    1976       1.5531
    1977       1.4137
    1978       1.5270
    1979       1.4549
    1980       1.4851
    1981       1.5021
    1982       1.5681
    1983       1.5066
    1984       1.5931
    1985       1.5307
    1986       1.5040
    1987       1.5167
    1988       1.4602
    1989       1.4617
    1990       1.5048
    1991       1.5451
    1992       1.5387
    1993       1.5114
    1994       1.5957
    1995       1.5497
    1996       1.4928
    1997       1.5515
    1998       1.5178
    1999       1.5736
    2000       1.3992
    2001       1.4238
    2002       1.5743
    2003       1.4758
    2004       1.5324
    2005       1.4759
    2006       1.5766
    2007       1.5127
    2008       1.5389
    2009       1.5928
    2010       1.4908
    2011       1.5560
    2012       1.5711
    2013       1.5259
    2014       1.5236
    2015       1.6731
    2016       1.5251
    2017       1.5951
    2018       1.5515
    2019       1.5628
    2020       1.5620
    2021       1.5229
    2022       1.4061
    2023       1.4223
    2024       1.7128
    2025       1.5455
    2026       1.5107
    2027       1.5436
    2028       1.6163
    2029       1.5835
    2030       1.5793
    2031       1.5520
    2032       1.5360
    2033       1.5356
    2034       1.5082
    2035       1.4330
    2036       1.4773
    2037       1.5372
    2038       1.5909
    2039       1.5727
    2040       1.5392
    2041       1.7560
    2042       1.6641
    2043       1.6386
    2044       1.5257
    2045       1.7954
    2046       1.5928
    2047       1.7096
    2048       1.5306
    2049       1.5199
    2050       1.5861
    2051       1.5168
    2052       1.6250
    2053       1.5792
    2054       1.5926
    2055       1.6195
    2056       1.6343
    2057       1.6425
    2058       1.6299
    2059       1.5829
    2060       1.4868
    2061       1.5718
    2062       1.5376
    2063       1.4619
    2064       1.4570
    2065       1.4890
    2066       1.5283
    2067       1.6147
    2068       1.4921
    2069       1.5272
    2070       1.4293
    2071       1.4561
    2072       1.4991
    2073       1.5187
    2074       1.5513
    2075       1.5012
    2076       1.5050
    2077       1.4522
    2078       1.4822
    2079       1.3997
    2080       1.4305
    2081       1.5114
    2082       1.5244
    2083       1.5025
    2084       1.5119
    2085       1.5695
    2086       1.5773
    2087       1.5192
    2088       1.5435
    2089       1.5065
    2090       1.6573
    2091       1.5390
    2092       1.4496
    2093       1.4431
    2094       1.4633
    2095       1.4900
    2096       1.5341
    2097       1.4280
    2098       1.6932
    2099       1.6331
    2100       1.5616
    2101       1.5999
    2102       1.5664
    2103       1.5370
    2104       1.5279
    2105       1.5234
    2106       1.6290
    2107       1.5098
    2108       1.6675
    2109       1.5314
    2110       1.4924
    2111       1.4558
    2112       1.5687
    2113       1.5105
    2114       1.5606
    2115       1.5203
    2116       1.5743
    2117       1.4989
    2118       1.5555
    2119       1.5010
    2120       1.5560
    2121       1.5974
    2122       1.5236
    2123       1.5152
    2124       1.5119
    2125       1.5349
    2126       1.4674
    2127       1.5109
    2128       1.5516
    2129       1.5738
    2130       1.6624
    2131       1.6973
    2132       1.6702
    2133       1.5801
    2134       1.5470
    2135       1.5438
    2136       1.6533
    2137       1.5605
    2138       1.6370
    2139       1.4428
    2140       1.4838
    2141       1.5174
    2142       1.4945
    2143       1.5268
    2144       1.5647
    2145       1.5012
    2146       1.4394
    2147       1.5229
    2148       1.5379
    2149       1.4573
    2150       1.4282
    2151       1.5360
    2152       1.5966
    2153       1.5191
    2154       1.4735
    2155       1.5216
    2156       1.5079
    2157       1.5051
    2158       1.4998
    2159       1.4856
    2160       1.5731
    2161       1.4939
    2162       1.5783
    2163       1.4988
    2164       1.5651
    2165       1.3881
    2166       1.4622
    2167       1.4037
    2168       1.5120
    2169       1.4806
    2170       1.5251
    2171       1.5962
    2172       1.4544
    2173       1.5323
    2174       1.4958
    2175       1.5699
    2176       1.5032
    2177       1.4967
    2178       1.4858
    2179       1.5410
    2180       1.5806
    2181       1.4719
    2182       1.5000
    2183       1.6116
    2184       1.4646
    2185       1.5270
    2186       1.5677
    2187       1.5706
    2188       1.5179
    2189       1.4755
    2190       1.5585
    2191       1.6149
    2192       1.5963
    2193       1.5021
    2194       1.5405
    2195       1.5664
    2196       1.5282
    2197       1.5032
    2198       1.6053
    2199       1.4890
    2200       1.4719
    2201       1.5699
    2202       1.6035
    2203       1.6686
    2204       1.5479
    2205       1.5862
    2206       1.5628
    2207       1.4678
    2208       1.5088
    2209       1.5110
    2210       1.5887
    2211       1.5581
    2212       1.6108
    2213       1.5999
    2214       1.4486
    2215       1.5163
    2216       1.5063
    2217       1.5892
    2218       1.5832
    2219       1.5077
    2220       1.5628
    2221       1.7199
    2222       1.5846
    2223       1.4802
    2224       1.5987
    2225       1.5363
    2226       1.5228
    2227       1.4706
    2228       1.4759
    2229       1.5501
    2230       1.4987
    2231       1.5332
    2232       1.4979
    2233       1.5187
    2234       1.4266
    2235       1.6119
    2236       1.3816
    2237       1.5118
    2238       1.4892
    2239       1.5398
    2240       1.4267
    2241       1.5512
    2242       1.4587
    2243       1.4966
    2244       1.4931
    2245       1.5578
    2246       1.5312
    2247       1.5180
    2248       1.4128
    2249       1.6445
    2250       1.4707
    2251       1.3880
    2252       1.3580
    2253       1.3132
    2254       1.2893
    2255       1.5474
    2256       1.7158
    2257       1.7526
    2258       1.7048
    2259       1.9310
    2260       1.8117
    2261       1.7964
    2262       1.8736
    2263       1.8168
    2264       1.8199
    2265       1.9231
    2266       1.7334
    2267       1.8558
    2268       2.0228
    2269       2.0336
    2270       2.0252
    2271       2.1083
    2272       2.1414
    2273       2.0950
    2274       1.9800
    2275       2.0759
    2276       1.9421
    2277       2.2463
    2278       2.2105
    2279       2.0616
    2280       1.8198
    2281       1.8285
    2282       1.6338
    2283       1.9240
    2284       1.7628
    2285       1.9297
    2286       1.8406
    2287       1.6268
    2288       1.6098
    2289       1.5750
    2290       1.6397
    2291       1.7816
    2292       1.7526
    2293       1.7149
    2294       1.6008
    2295       1.5588
    2296       1.5238
    2297       1.5979
    2298       1.6298
    2299       1.6514
    2300       1.6929
    2301       1.5985
    2302       1.5748
    2303       1.7107
    2304       1.5351
    2305       1.6755
    2306       1.8391
    2307       1.7963
    2308       1.8974
    2309       1.9892
    2310       1.9537
    2311       1.8559
    2312       1.8559
    2313       1.6956
    2314       1.8184
    2315       1.6937
    2316       1.6269
    2317       1.5973
    2318       1.8567
    2319       1.9014
    2320       1.7401
    2321       1.5420
    2322       1.5260
    2323       1.4759
    2324       1.4889
    2325       1.4668
    2326       1.4169
    2327       1.4591
    2328       1.4438
    2329       1.5191
    2330       1.4667
    2331       1.4290
    2332       1.4535
    2333       1.4317
    2334       1.4421
    2335       1.4166
    2336       1.4659
    2337       1.4033
    2338       1.4819
    2339       1.4447
    2340       1.4972
    2341       1.4799
    2342       1.4525
    2343       1.4152
    2344       1.4915
    2345       1.5091
    2346       1.4792
    2347       1.4346
    2348       1.5154
    2349       1.6209
    2350       1.6576
    2351       1.5405
    2352       1.5340
    2353       1.7102
    2354       1.4538
    2355       1.5106
    2356       1.4817
    2357       1.3708
    2358       1.3570
    2359       1.4010
    2360       1.4636
    2361       1.4788
    2362       1.4573
    2363       1.4474
    2364       1.3921
    2365       1.5079
    2366       1.4560
    2367       1.3551
    2368       1.5269
    2369       1.4317
    2370       1.4695
    2371       1.3921
    2372       1.3498
    2373       1.4904
    2374       1.3859
    2375       1.4456
    2376       1.3471
    2377       1.4788
    2378       1.4966
    2379       1.4240
    2380       1.3496
    2381       1.3803
    2382       1.5979
    2383       1.5025
    2384       1.3737
    2385       1.4326
    2386       1.4732
    2387       1.4927
    2388       1.5026
    2389       1.5125
    2390       1.4665
    2391       1.4678
    2392       1.4196
    2393       1.6002
    2394       1.3445
    2395       1.5032
    2396       1.4417
    2397       1.5210
    2398       1.5822
    2399       1.4441
    2400       1.5327
    2401       1.4829
    2402       1.5032
    2403       1.4746
    2404       1.4242
    2405       1.5625
    2406       1.4944
    2407       1.3574
    2408       1.3867
    2409       1.3626
    2410       1.3678
    2411       1.4271
    2412       1.4475
    2413       1.5086
    2414       1.4327
    2415       1.4473
    2416       1.5720
    2417       1.4985
    2418       1.4574
    2419       1.5264
    2420       1.4320
    2421       1.4796
    2422       1.5560
    2423       1.4383
    2424       1.5052
    2425       1.4695
    2426       1.5576
    2427       1.5402
    2428       1.4982
    2429       1.4915
    2430       1.4302
    2431       1.2726
    2432       1.3073
    2433       1.3308
    2434       1.4098
    2435       1.3574
    2436       1.3763
    2437       1.2926
    2438       1.3173
    2439       1.3151
    2440       1.3340
    2441       1.2366
    2442       1.3383
    2443       1.1397
    2444       1.2426
    2445       1.2087
    2446       1.3007
    2447       1.2308
    2448       1.2652
    2449       1.2598
    2450       1.3404
    2451       1.2589
    2452       1.3285
    2453       1.2272
    2454       1.2274
    2455       1.1919
    2456       1.1856
    2457       1.2520
    2458       1.2836
    2459       1.2905
    2460       1.2806
    2461       1.1447
    2462       1.1932
    2463       1.1956
    2464       1.1231
    2465       1.1776
    2466       1.1636
    2467       1.2250
    2468       1.1826
    2469       1.2255
    2470       1.2392
    2471       1.3167
    2472       1.2430
    2473       1.2857
    2474       1.2651
    2475       1.2035
    2476       1.2050
    2477       1.2477
    2478       1.1885
    2479       1.1859
    2480       1.2338
    2481       1.2002
    2482       1.2786
    2483       1.2893
    2484       1.2089
    2485       1.3235
    2486       1.3649
    2487       1.3058
    2488       1.3340
    2489       1.4162
    2490       1.3355
    2491       1.2889
    2492       1.2182
    2493       1.1874
    2494       1.1915
    2495       1.2099
    2496       1.2939
    2497       1.3543
    2498       1.3126
    2499       1.4089
    2500       1.3744
    2501       1.3936
    2502       1.3662
    2503       1.2918
    2504       1.4295
    2505       1.2402
    2506       1.2837
    2507       1.2276
    2508       1.3186
    2509       1.4154
    2510       1.4109
    2511       1.3685
    2512       1.4937
    2513       1.3798
    2514       1.3234
    2515       1.4897
    2516       1.4344
    2517       1.3792
    2518       1.4083
    2519       1.3809
    2520       1.3254
    2521       1.2980
    2522       1.3153
    2523       1.3528
    2524       1.3639
    2525       1.3628
    2526       1.4645
    2527       1.5090
    2528       1.5475
    2529       1.3432
    2530       1.4229
    2531       1.4723
    2532       1.4807
    2533       1.4486
    2534       1.7219
    2535       1.4719
    2536       1.3888
    2537       1.5013
    2538       1.4873
    2539       1.3518
    2540       1.3604
    2541       1.3808
    2542       1.3722
    2543       1.3444
    2544       1.4469
    2545       1.4252
    2546       1.4473
    2547       1.2583
    2548       1.3462
    2549       1.2557
    2550       1.2816
    2551       1.2880
    2552       1.3727
    2553       1.3284
    2554       1.3037
    2555       1.3686
    2556       1.4225
    2557       1.4150
    2558       1.3301
    2559       1.3978
    2560       1.3996
    2561       1.2713
    2562       1.2765
    2563       1.2184
    2564       1.2680
    2565       1.4468
    2566       1.4006
    2567       1.2906
    2568       1.3403
    2569       1.3289
    2570       1.2734
    2571       1.2627
    2572       1.2928
    2573       1.2342
    2574       1.3222
    2575       1.2239
    2576       1.3114
    2577       1.2900
    2578       1.2452
    2579       1.1710
    2580       1.2078
    2581       1.3547
    2582       1.2688
    2583       1.3682
    2584       1.3999
    2585       1.2919
    2586       1.3447
    2587       1.3305
    2588       1.4767
    2589       1.4479
    2590       1.3916
    2591       1.2277
    2592       1.3176
    2593       1.3429
    2594       1.3791
    2595       1.3552
    2596       1.4150
    2597       1.2141
    2598       1.4578
    2599       1.3357
    2600       1.2724
    2601       1.2230
    2602       1.2197
    2603       1.3860
    2604       1.3124
    2605       1.2657
    2606       1.2115
    2607       1.2834
    2608       1.2650
    2609       1.2921
    2610       1.2769
    2611       1.2852
    2612       1.2774
    2613       1.3607
    2614       1.2142
    2615       1.1969
    2616       1.3854
    2617       1.3777
    2618       1.3111
    2619       1.3676
    2620       1.2932
    2621       1.4033
    2622       1.2912
    2623       1.2999
    2624       1.3820
    2625       1.3385
    2626       1.3474
    2627       1.2294
    2628       1.3235
    2629       1.2833
    2630       1.3463
    2631       1.3270
    2632       1.3247
    2633       1.3532
    2634       1.2175
    2635       1.3346
    2636       1.3116
    2637       1.2763
    2638       1.3533
    2639       1.3065
    2640       1.3103
    2641       1.4128
    2642       1.4219
    2643       1.3296
    2644       1.4664
    2645       1.3303
    2646       1.2964
    2647       1.2903
    2648       1.3218
    2649       1.2679
    2650       1.3182
    2651       1.2337
    2652       1.3578
    2653       1.3073
    2654       1.2595
    2655       1.2475
    2656       1.3355
    2657       1.2086
    2658       1.2138
    2659       1.3651
    2660       1.2081
    2661       1.1997
    2662       1.2156
    2663       1.2391
    2664       1.2275
    2665       1.2643
    2666       1.2478
    2667       1.2510
    2668       1.2041
    2669       1.1824
    2670       1.2074
    2671       1.2423
    2672       1.1983
    2673       1.2492
    2674       1.3204
    2675       1.1949
    2676       1.2716
    2677       1.3496
    2678       1.3045
    2679       1.4177
    2680       1.3227
    2681       1.3611
    2682       1.4063
    2683       1.3714
    2684       1.3898
    2685       1.4096
    2686       1.5044
    2687       1.4589
    2688       1.4598
    2689       1.4139
    2690       1.3745
    2691       1.4440
    2692       1.4953
    2693       1.3238
    2694       1.5279
    2695       1.4948
    2696       1.5897
    2697       1.5720
    2698       1.4288
    2699       1.4844
    2700       1.4648
    2701       1.5238
    2702       1.5347
    2703       1.3773
    2704       1.5247
    2705       1.3792
    2706       1.2901
    2707       1.5715
    2708       1.4339
    2709       1.4655
    2710       1.3796
    2711       1.4128
    2712       1.4054
    2713       1.3434
    2714       1.4356
    2715       1.3009
    2716       1.4393
    2717       1.4046
    2718       1.3255
    2719       1.3328
    2720       1.3632
    2721       1.3838
    2722       1.3560
    2723       1.3599
    2724       1.4328
    2725       1.4165
    2726       1.4395
    2727       1.4716
    2728       1.5109
    2729       1.5277
    2730       1.4515
    2731       1.4168
    2732       1.3795
    2733       1.3890
    2734       1.4212
    2735       1.4511
    2736       1.4120
    2737       1.4258
    2738       1.3596
    2739       1.3477
    2740       1.4084
    2741       1.3353
    2742       1.4279
    2743       1.3970
    2744       1.2955
    2745       1.4761
    2746       1.3920
    2747       1.4351
    2748       1.4212
    2749       1.3930
    2750       1.4191
    2751       1.3464
    2752       1.4574
    2753       1.3619
    2754       1.4452
    2755       1.4773
    2756       1.3863
    2757       1.2934
    2758       1.3486
    2759       1.3384
    2760       1.3965
    2761       1.3706
    2762       1.4190
    2763       1.3913
    2764       1.4974
    2765       1.4321
    2766       1.3645
    2767       1.3907
    2768       1.3725
    2769       1.4291
    2770       1.3684
    2771       1.4957
    2772       1.4954
    2773       1.4051
    2774       1.4277
    2775       1.4469
    2776       1.3744
    2777       1.4520
    2778       1.3736
    2779       1.2941
    2780       1.3498
    2781       1.3862
    2782       1.4942
    2783       1.3433
    2784       1.4003
    2785       1.4289
    2786       1.4138
    2787       1.4241
    2788       1.3518
    2789       1.2786
    2790       1.2984
    2791       1.3731
    2792       1.2797
    2793       1.4096
    2794       1.3394
    2795       1.3468
    2796       1.3993
    2797       1.3949
    2798       1.4384
    2799       1.5352
    2800       1.4344
    2801       1.5389
    2802       1.6000
    2803       1.6788
    2804       1.5637
    2805       1.6771
    2806       1.7908
    2807       1.6147
    2808       1.6228
    2809       1.6369
    2810       1.6132
    2811       1.6014
    2812       1.6046
    2813       1.6671
    2814       1.6457
    2815       1.6156
    2816       1.7379
    2817       1.6765
    2818       1.8329
    2819       1.8764
    2820       1.9386
    2821       1.9330
    2822       2.0106
    2823       1.9368
    2824       1.8582
    2825       1.9414
    2826       1.9841
    2827       2.0804
    2828       2.0055
    2829       1.9734
    2830       1.9833
    2831       1.8747
    2832       1.9978
    2833       2.0539
    2834       2.1877
    2835       1.9320
    2836       2.0407
    2837       1.9118
    2838       1.9489
    2839       1.8396
    2840       1.6016
    2841       1.8861
    2842       1.7948
    2843       1.7757
    2844       1.7334
    2845       1.7964
    2846       1.6148
    2847       1.7925
    2848       1.6180
    2849       1.7172
    2850       1.7005
    2851       1.7499
    2852       1.7470
    2853       1.6405
    2854       1.7034
    2855       1.8809
    2856       1.9127
    2857       1.8399
    2858       1.7382
    2859       1.7812
    2860       1.8276
    2861       1.7024
    2862       1.8698
    2863       1.8118
    2864       1.8101
    2865       1.7907
    2866       1.6993
    2867       1.8318
    2868       1.6967
    2869       1.9040
    2870       1.8472
    2871       1.9108
    2872       1.9904
    2873       2.0541
    2874       1.6332
    2875       1.9098
    2876       1.9164
    2877       2.0047
    2878       2.0593
    2879       1.7913
    2880       1.6832
    2881       1.9066
    2882       1.8878
    2883       1.8389
    2884       1.9957
    2885       1.8418
    2886       1.9070
    2887       1.8592
    2888       1.8837
    2889       1.8272
    2890       1.8673
    2891       1.7870
    2892       1.7691
    2893       1.7708
    2894       1.8138
    2895       1.8455
    2896       1.8289
    2897       1.8570
    2898       1.9623
    2899       1.7831
    2900       1.7401
    2901       1.7221
    2902       1.7665
    2903       1.8606
    2904       1.9487
    2905       1.7480
    2906       1.8012
    2907       1.6765
    2908       1.7737
    2909       1.6772
    2910       1.7860
    2911       1.8115
    2912       1.8056
    2913       1.9345
    2914       1.9267
    2915       1.8743
    2916       1.6439
    2917       1.7171
    2918       1.8789
    2919       1.5454
    2920       1.5133
    2921       1.5900
    2922       1.6593
    2923       1.5907
    2924       1.7706
    2925       1.4734
    2926       1.5686
    2927       1.5672
    2928       1.8454
    2929       2.0506
    2930       1.8157
    2931       1.8339
    2932       1.7240
    2933       1.8888
    2934       1.7374
    2935       1.8284
    2936       1.6570
    2937       1.6075
    2938       1.7322
    2939       1.6536
    2940       1.8206
    2941       1.8161
    2942       1.7875
    2943       1.6369
    2944       1.7183
    2945       1.7404
    2946       1.6891
    2947       1.8166
    2948       1.7577
    2949       1.5878
    2950       1.7260
    2951       1.6635
    2952       1.5828
    2953       1.6253
    2954       1.6261
    2955       1.6400
    2956       1.5709
    2957       1.6265
    2958       1.5122
    2959       1.5817
    2960       1.5999
    2961       1.5998
    2962       1.6470
    2963       1.4490
    2964       1.4736
    2965       1.5884
    2966       1.6058
    2967       1.6523
    2968       1.6891
    2969       1.6928
    2970       1.6416
    2971       1.6926
    2972       1.6195
    2973       1.6600
    2974       1.5522
    2975       1.6156
    2976       1.5494
    2977       1.5914
    2978       1.6571
    2979       1.6232
    2980       1.8357
    2981       1.5633
    2982       1.5061
    2983       1.5532
    2984       1.6054
    2985       1.5861
    2986       1.5625
    2987       1.5442
    2988       1.5456
    2989       1.4692
    2990       1.4483
    2991       1.5358
    2992       1.7952
    2993       1.5832
    2994       1.6964
    2995       1.6385
    2996       1.5850
    2997       1.6379
    2998       1.5142
    2999       1.5148
    3000       1.5486
