#Frame     RMSD_00002
       1       0.0000
       2       0.7444
       3       0.7327
       4       0.7672
       5       0.7377
       6       0.7840
       7       0.6608
       8       0.7424
       9       0.8154
      10       0.7955
      11       0.9464
      12       0.7051
      13       0.7724
      14       0.7990
      15       0.7690
      16       0.8241
      17       0.8273
      18       0.9261
      19       0.8761
      20       0.7664
      21       0.7858
      22       0.8935
      23       0.7839
      24       0.7706
      25       0.8618
      26       0.8288
      27       0.8222
      28       0.7665
      29       0.7224
      30       0.7641
      31       0.9032
      32       0.8023
      33       0.8814
      34       0.8677
      35       0.9698
      36       0.9532
      37       0.9281
      38       0.9108
      39       0.9211
      40       0.9675
      41       0.9931
      42       1.2611
      43       1.1280
      44       0.9986
      45       1.0062
      46       1.0889
      47       1.2009
      48       1.0166
      49       1.2302
      50       1.1753
      51       1.2020
      52       1.1768
      53       1.1269
      54       1.1483
      55       1.1801
      56       0.9987
      57       0.9416
      58       1.0969
      59       1.1236
      60       1.0620
      61       1.0665
      62       1.0908
      63       1.0345
      64       1.1096
      65       1.0511
      66       1.1051
      67       0.9757
      68       1.0903
      69       1.1191
      70       1.0617
      71       1.1261
      72       1.0203
      73       1.0136
      74       1.1273
      75       1.2457
      76       0.9389
      77       1.0330
      78       1.0200
      79       0.9676
      80       0.9740
      81       0.9924
      82       1.1184
      83       1.0366
      84       0.9611
      85       0.9945
      86       1.0223
      87       1.1232
      88       1.1873
      89       1.3677
      90       1.2117
      91       1.3072
      92       1.0756
      93       1.1899
      94       1.2831
      95       1.3028
      96       1.1493
      97       1.1786
      98       1.1720
      99       1.2217
     100       1.4054
     101       1.2326
     102       1.1927
     103       1.1308
     104       1.0974
     105       1.0469
     106       1.1134
     107       1.0775
     108       1.0556
     109       1.0907
     110       1.1857
     111       1.0257
     112       0.9514
     113       0.8922
     114       1.0127
     115       0.9001
     116       1.0849
     117       0.9503
     118       0.9077
     119       0.9073
     120       0.9010
     121       0.8318
     122       0.9055
     123       0.8706
     124       0.8460
     125       0.8928
     126       0.9083
     127       0.8730
     128       0.8661
     129       0.8868
     130       0.9453
     131       0.9726
     132       0.8940
     133       0.8960
     134       0.9126
     135       0.9257
     136       0.9470
     137       0.9499
     138       0.8904
     139       0.9392
     140       0.9315
     141       0.8777
     142       0.9114
     143       0.9158
     144       0.8923
     145       0.9209
     146       0.8893
     147       0.9219
     148       1.0045
     149       0.9170
     150       0.8197
     151       0.9282
     152       0.8000
     153       0.9863
     154       0.9328
     155       1.0543
     156       0.9153
     157       0.8771
     158       0.8579
     159       0.9138
     160       1.0551
     161       1.0402
     162       1.0106
     163       1.1172
     164       1.0541
     165       1.0187
     166       1.0810
     167       0.9722
     168       0.9621
     169       0.9215
     170       0.9864
     171       0.9339
     172       0.9808
     173       1.0520
     174       1.0712
     175       0.9840
     176       0.9577
     177       1.0398
     178       0.9794
     179       0.9413
     180       0.9541
     181       1.0783
     182       1.2277
     183       0.9665
     184       1.0830
     185       1.0767
     186       1.0266
     187       1.0207
     188       1.0012
     189       0.9812
     190       1.0054
     191       0.9184
     192       1.0123
     193       0.9344
     194       1.0021
     195       1.0333
     196       1.0444
     197       0.9539
     198       0.9877
     199       0.9653
     200       1.0262
     201       1.0238
     202       1.0285
     203       1.0061
     204       0.9556
     205       1.0189
     206       1.0794
     207       1.0506
     208       1.0223
     209       1.0029
     210       1.0471
     211       0.9353
     212       1.0063
     213       1.0602
     214       1.0577
     215       0.9793
     216       1.0651
     217       1.1120
     218       1.1205
     219       1.1185
     220       1.0788
     221       1.0595
     222       0.9775
     223       0.9747
     224       0.9501
     225       1.0970
     226       1.0474
     227       0.9960
     228       1.0694
     229       0.9979
     230       1.0381
     231       1.1058
     232       1.0038
     233       0.9971
     234       1.0799
     235       1.0479
     236       1.0422
     237       1.0115
     238       1.0537
     239       1.0871
     240       1.2362
     241       1.1120
     242       1.0698
     243       0.9632
     244       0.9637
     245       0.9112
     246       1.0412
     247       0.9872
     248       0.9676
     249       1.1017
     250       1.0698
     251       1.1361
     252       1.0621
     253       1.0741
     254       0.9994
     255       1.0370
     256       1.0435
     257       1.0849
     258       1.0549
     259       1.0426
     260       1.1184
     261       1.1161
     262       1.1847
     263       1.1198
     264       1.1174
     265       1.1964
     266       1.1524
     267       1.1914
     268       1.1371
     269       1.0755
     270       1.0717
     271       1.0869
     272       1.1119
     273       1.0346
     274       1.0523
     275       1.1318
     276       1.0831
     277       1.0945
     278       1.1702
     279       1.1102
     280       1.0740
     281       1.0540
     282       1.0739
     283       1.0689
     284       1.0591
     285       1.1257
     286       1.1274
     287       1.0339
     288       1.0719
     289       1.0727
     290       0.9869
     291       1.0184
     292       1.0506
     293       1.0410
     294       1.1568
     295       1.1950
     296       1.1092
     297       1.0699
     298       1.0925
     299       1.0881
     300       1.1899
     301       1.0820
     302       0.9931
     303       1.0455
     304       1.0542
     305       1.0930
     306       0.9651
     307       1.0796
     308       1.0552
     309       1.1283
     310       1.0916
     311       1.1206
     312       1.1435
     313       1.0301
     314       1.0496
     315       1.0835
     316       1.0415
     317       1.0222
     318       1.1709
     319       1.3150
     320       1.2360
     321       1.2744
     322       1.2280
     323       1.1587
     324       1.2413
     325       1.1798
     326       1.1017
     327       1.1310
     328       1.1186
     329       1.1632
     330       1.1655
     331       1.1667
     332       1.1256
     333       1.0977
     334       1.1339
     335       1.1304
     336       1.2350
     337       1.2381
     338       1.2029
     339       1.2200
     340       1.1064
     341       1.1169
     342       1.2028
     343       1.1611
     344       1.1973
     345       1.2181
     346       1.1580
     347       1.3038
     348       1.2086
     349       1.2139
     350       1.2535
     351       1.2469
     352       1.2415
     353       1.2191
     354       1.2059
     355       1.2047
     356       1.2962
     357       1.1728
     358       1.2358
     359       1.1622
     360       1.1172
     361       1.1558
     362       1.1811
     363       1.1200
     364       1.1163
     365       1.1296
     366       1.2141
     367       1.2318
     368       1.1124
     369       1.2138
     370       1.1584
     371       1.2560
     372       1.2113
     373       1.1426
     374       1.1669
     375       1.2558
     376       1.1442
     377       1.2234
     378       1.1106
     379       1.1986
     380       1.1970
     381       1.2593
     382       1.1740
     383       1.2339
     384       1.2033
     385       1.1712
     386       1.1363
     387       1.2159
     388       1.1301
     389       1.0725
     390       1.1487
     391       1.0939
     392       1.1651
     393       1.0933
     394       1.1238
     395       1.1720
     396       1.1442
     397       1.1813
     398       1.2091
     399       1.1224
     400       1.1497
     401       1.1078
     402       1.1953
     403       1.0933
     404       1.1407
     405       1.1475
     406       1.1864
     407       1.2013
     408       1.2201
     409       1.1553
     410       1.2328
     411       1.1877
     412       1.1701
     413       1.2438
     414       1.2558
     415       1.2551
     416       1.2108
     417       1.1688
     418       1.2616
     419       1.2419
     420       1.1359
     421       1.1934
     422       1.1334
     423       1.2227
     424       1.1745
     425       1.1299
     426       1.0742
     427       1.1023
     428       1.1562
     429       1.1412
     430       1.2074
     431       1.2205
     432       1.0439
     433       1.1914
     434       1.1366
     435       1.1372
     436       1.1730
     437       1.0372
     438       1.1294
     439       1.2009
     440       1.1385
     441       1.2647
     442       1.2605
     443       1.1219
     444       1.1453
     445       1.2375
     446       1.1257
     447       1.1179
     448       1.2372
     449       1.2216
     450       1.1391
     451       1.2198
     452       1.2490
     453       1.2984
     454       1.1661
     455       1.2412
     456       1.1635
     457       1.1576
     458       1.2125
     459       1.1110
     460       1.1338
     461       1.3109
     462       1.2701
     463       1.2682
     464       1.1669
     465       1.2525
     466       1.1929
     467       1.2813
     468       1.2168
     469       1.2311
     470       1.2612
     471       1.4234
     472       1.2162
     473       1.2389
     474       1.2681
     475       1.1975
     476       1.2973
     477       1.2278
     478       1.2356
     479       1.3009
     480       1.2543
     481       1.3170
     482       1.3507
     483       1.3155
     484       1.3320
     485       1.3346
     486       1.2747
     487       1.3832
     488       1.3360
     489       1.3980
     490       1.3671
     491       1.2505
     492       1.2997
     493       1.3584
     494       1.3626
     495       1.2885
     496       1.2002
     497       1.1451
     498       1.3336
     499       1.2718
     500       1.3292
     501       1.3175
     502       1.2548
     503       1.3726
     504       1.3307
     505       1.3608
     506       1.2971
     507       1.2653
     508       1.2546
     509       1.2053
     510       1.2471
     511       1.1799
     512       1.2607
     513       1.1462
     514       1.2648
     515       1.1980
     516       1.2359
     517       1.2936
     518       1.2488
     519       1.2309
     520       1.2378
     521       1.2275
     522       1.2891
     523       1.2149
     524       1.2573
     525       1.2801
     526       1.3501
     527       1.2631
     528       1.2824
     529       1.1809
     530       1.2449
     531       1.2188
     532       1.1871
     533       1.2931
     534       1.2825
     535       1.1926
     536       1.1680
     537       1.2041
     538       1.2550
     539       1.2140
     540       1.2383
     541       1.2185
     542       1.1845
     543       1.3187
     544       1.3088
     545       1.2364
     546       1.1771
     547       1.2626
     548       1.1489
     549       1.2529
     550       1.2397
     551       1.1785
     552       1.3142
     553       1.0824
     554       1.2754
     555       1.2674
     556       1.2798
     557       1.1442
     558       1.1271
     559       1.2282
     560       1.2343
     561       1.3018
     562       1.2682
     563       1.1840
     564       1.2983
     565       1.2544
     566       1.2660
     567       1.2491
     568       1.3785
     569       1.2611
     570       1.3588
     571       1.3671
     572       1.2064
     573       1.3646
     574       1.3264
     575       1.3185
     576       1.3214
     577       1.2789
     578       1.2357
     579       1.3446
     580       1.2073
     581       1.2911
     582       1.2199
     583       1.2106
     584       1.3358
     585       1.3215
     586       1.2177
     587       1.2403
     588       1.3638
     589       1.3086
     590       1.2872
     591       1.2870
     592       1.2442
     593       1.3280
     594       1.2479
     595       1.2393
     596       1.2051
     597       1.3172
     598       1.2607
     599       1.3184
     600       1.2311
     601       1.2890
     602       1.2796
     603       1.2802
     604       1.3265
     605       1.1960
     606       1.2720
     607       1.2149
     608       1.1497
     609       1.2679
     610       1.2029
     611       1.1942
     612       1.2076
     613       1.2786
     614       1.2101
     615       1.2525
     616       1.2922
     617       1.3065
     618       1.2444
     619       1.2105
     620       1.2305
     621       1.1282
     622       1.2255
     623       1.1832
     624       1.1094
     625       1.2662
     626       1.1778
     627       1.1147
     628       1.1892
     629       1.1991
     630       1.1502
     631       1.1642
     632       1.3211
     633       1.3706
     634       1.3208
     635       1.3954
     636       1.3446
     637       1.3986
     638       1.3818
     639       1.5158
     640       1.5581
     641       1.5026
     642       1.4932
     643       1.4843
     644       1.4579
     645       1.6088
     646       1.4900
     647       1.6334
     648       1.5455
     649       1.4953
     650       1.5674
     651       1.5006
     652       1.6083
     653       1.4318
     654       1.4513
     655       1.5907
     656       1.5310
     657       1.4784
     658       1.4307
     659       1.4443
     660       1.5054
     661       1.5556
     662       1.4272
     663       1.4290
     664       1.4308
     665       1.4307
     666       1.4934
     667       1.5793
     668       1.4201
     669       1.4836
     670       1.4956
     671       1.4596
     672       1.4636
     673       1.5716
     674       1.4725
     675       1.5617
     676       1.3821
     677       1.4736
     678       1.5219
     679       1.5563
     680       1.4200
     681       1.3846
     682       1.5372
     683       1.4041
     684       1.4175
     685       1.4887
     686       1.4711
     687       1.4538
     688       1.4818
     689       1.4733
     690       1.5155
     691       1.3966
     692       1.4157
     693       1.4656
     694       1.4606
     695       1.4511
     696       1.4474
     697       1.5063
     698       1.5079
     699       1.4824
     700       1.3818
     701       1.3654
     702       1.4268
     703       1.4680
     704       1.4107
     705       1.4512
     706       1.5414
     707       1.3895
     708       1.4199
     709       1.4802
     710       1.4600
     711       1.3898
     712       1.4457
     713       1.4649
     714       1.6000
     715       1.5781
     716       1.5492
     717       1.5790
     718       1.4964
     719       1.4467
     720       1.4659
     721       1.4562
     722       1.5023
     723       1.3977
     724       1.5007
     725       1.4386
     726       1.5611
     727       1.4964
     728       1.5374
     729       1.4916
     730       1.4045
     731       1.4949
     732       1.4188
     733       1.4300
     734       1.4151
     735       1.3750
     736       1.4149
     737       1.4051
     738       1.3895
     739       1.4147
     740       1.3504
     741       1.4204
     742       1.3641
     743       1.2890
     744       1.5093
     745       1.3823
     746       1.4241
     747       1.4299
     748       1.4221
     749       1.3658
     750       1.3457
     751       1.1984
     752       1.2448
     753       1.2637
     754       1.2683
     755       1.2341
     756       1.2796
     757       1.1908
     758       1.2549
     759       1.3569
     760       1.2829
     761       1.3925
     762       1.3853
     763       1.4158
     764       1.3067
     765       1.3358
     766       1.2940
     767       1.3644
     768       1.3634
     769       1.3213
     770       1.3608
     771       1.2744
     772       1.3487
     773       1.3198
     774       1.3084
     775       1.3124
     776       1.3749
     777       1.3816
     778       1.2776
     779       1.3734
     780       1.3117
     781       1.2434
     782       1.3743
     783       1.3781
     784       1.3731
     785       1.4076
     786       1.3362
     787       1.3431
     788       1.3245
     789       1.3662
     790       1.4250
     791       1.3552
     792       1.3665
     793       1.3046
     794       1.3461
     795       1.3092
     796       1.3911
     797       1.4249
     798       1.3661
     799       1.4420
     800       1.4028
     801       1.3976
     802       1.3949
     803       1.3684
     804       1.4498
     805       1.5047
     806       1.4505
     807       1.4366
     808       1.3692
     809       1.3958
     810       1.3258
     811       1.4087
     812       1.4223
     813       1.3793
     814       1.3677
     815       1.2794
     816       1.4132
     817       1.4292
     818       1.3750
     819       1.3716
     820       1.3427
     821       1.4036
     822       1.3950
     823       1.2989
     824       1.3718
     825       1.3754
     826       1.3723
     827       1.4464
     828       1.3685
     829       1.3670
     830       1.3798
     831       1.3278
     832       1.3457
     833       1.3671
     834       1.3484
     835       1.3311
     836       1.3683
     837       1.5253
     838       1.3581
     839       1.2958
     840       1.3096
     841       1.3659
     842       1.3961
     843       1.4321
     844       1.2650
     845       1.3623
     846       1.2958
     847       1.2221
     848       1.3710
     849       1.2594
     850       1.2464
     851       1.3033
     852       1.3368
     853       1.2952
     854       1.3974
     855       1.3400
     856       1.4366
     857       1.4020
     858       1.3742
     859       1.3476
     860       1.3204
     861       1.4065
     862       1.3556
     863       1.4824
     864       1.4008
     865       1.4310
     866       1.4747
     867       1.5408
     868       1.4348
     869       1.5214
     870       1.4572
     871       1.3519
     872       1.3784
     873       1.4844
     874       1.3712
     875       1.3767
     876       1.3646
     877       1.3418
     878       1.4238
     879       1.3541
     880       1.3063
     881       1.3896
     882       1.4102
     883       1.3632
     884       1.2932
     885       1.3020
     886       1.3602
     887       1.3623
     888       1.4061
     889       1.4075
     890       1.4735
     891       1.3566
     892       1.4241
     893       1.4324
     894       1.2891
     895       1.2966
     896       1.4968
     897       1.4096
     898       1.4067
     899       1.5084
     900       1.4784
     901       1.4801
     902       1.3477
     903       1.3512
     904       1.3948
     905       1.3522
     906       1.3596
     907       1.3603
     908       1.3216
     909       1.2726
     910       1.3889
     911       1.4403
     912       1.3454
     913       1.3997
     914       1.3143
     915       1.3965
     916       1.3786
     917       1.3372
     918       1.3918
     919       1.3869
     920       1.3851
     921       1.3412
     922       1.3786
     923       1.3275
     924       1.5001
     925       1.4678
     926       1.4521
     927       1.4056
     928       1.3627
     929       1.4008
     930       1.2896
     931       1.4491
     932       1.3003
     933       1.2818
     934       1.3629
     935       1.2842
     936       1.3764
     937       1.3313
     938       1.3231
     939       1.4870
     940       1.4929
     941       1.3023
     942       1.4267
     943       1.4017
     944       1.3631
     945       1.3204
     946       1.2867
     947       1.3029
     948       1.2597
     949       1.3169
     950       1.2718
     951       1.2170
     952       1.3234
     953       1.2300
     954       1.3174
     955       1.3806
     956       1.3375
     957       1.3931
     958       1.3723
     959       1.3617
     960       1.2727
     961       1.3262
     962       1.4984
     963       1.3283
     964       1.3369
     965       1.3332
     966       1.3400
     967       1.4313
     968       1.3481
     969       1.4076
     970       1.3862
     971       1.3387
     972       1.3421
     973       1.3160
     974       1.2953
     975       1.3503
     976       1.3489
     977       1.2685
     978       1.3323
     979       1.3730
     980       1.2652
     981       1.3034
     982       1.3378
     983       1.3789
     984       1.4349
     985       1.4040
     986       1.3622
     987       1.4402
     988       1.4100
     989       1.3643
     990       1.3108
     991       1.3094
     992       1.3110
     993       1.3027
     994       1.3384
     995       1.4060
     996       1.4071
     997       1.3203
     998       1.4137
     999       1.3581
    1000       1.4262
    1001       1.2915
    1002       1.3996
    1003       1.3720
    1004       1.3576
    1005       1.3364
    1006       1.4058
    1007       1.3959
    1008       1.3105
    1009       1.2862
    1010       1.3613
    1011       1.3569
    1012       1.3959
    1013       1.3982
    1014       1.4281
    1015       1.4300
    1016       1.3528
    1017       1.4077
    1018       1.3885
    1019       1.3792
    1020       1.3610
    1021       1.3361
    1022       1.2466
    1023       1.4201
    1024       1.4090
    1025       1.4192
    1026       1.4099
    1027       1.4264
    1028       1.3695
    1029       1.3873
    1030       1.4767
    1031       1.3916
    1032       1.3526
    1033       1.4761
    1034       1.3598
    1035       1.3657
    1036       1.3759
    1037       1.3321
    1038       1.3016
    1039       1.2126
    1040       1.2190
    1041       1.3675
    1042       1.2810
    1043       1.2592
    1044       1.4154
    1045       1.2793
    1046       1.3938
    1047       1.3739
    1048       1.4568
    1049       1.2523
    1050       1.2460
    1051       1.2628
    1052       1.4099
    1053       1.3286
    1054       1.3591
    1055       1.2729
    1056       1.3586
    1057       1.3865
    1058       1.2963
    1059       1.3448
    1060       1.3204
    1061       1.2724
    1062       1.2450
    1063       1.3978
    1064       1.2650
    1065       1.3406
    1066       1.3330
    1067       1.3708
    1068       1.2946
    1069       1.4094
    1070       1.4133
    1071       1.3578
    1072       1.3777
    1073       1.3127
    1074       1.3346
    1075       1.4159
    1076       1.3691
    1077       1.2878
    1078       1.3914
    1079       1.3948
    1080       1.4705
    1081       1.3152
    1082       1.4219
    1083       1.4408
    1084       1.4439
    1085       1.4711
    1086       1.4155
    1087       1.4670
    1088       1.3523
    1089       1.3317
    1090       1.3376
    1091       1.4078
    1092       1.3788
    1093       1.3896
    1094       1.4744
    1095       1.4523
    1096       1.5920
    1097       1.5708
    1098       1.4206
    1099       1.4499
    1100       1.5008
    1101       1.4477
    1102       1.4269
    1103       1.4222
    1104       1.3571
    1105       1.4493
    1106       1.3449
    1107       1.3768
    1108       1.4145
    1109       1.3989
    1110       1.4980
    1111       1.3018
    1112       1.3392
    1113       1.3983
    1114       1.3746
    1115       1.3342
    1116       1.4693
    1117       1.4878
    1118       1.3726
    1119       1.3758
    1120       1.4368
    1121       1.4391
    1122       1.3856
    1123       1.3703
    1124       1.3613
    1125       1.3711
    1126       1.4139
    1127       1.4082
    1128       1.3517
    1129       1.3465
    1130       1.3596
    1131       1.3258
    1132       1.3563
    1133       1.3472
    1134       1.2863
    1135       1.3129
    1136       1.2900
    1137       1.2101
    1138       1.1858
    1139       1.2226
    1140       1.2880
    1141       1.3280
    1142       1.3136
    1143       1.2453
    1144       1.2798
    1145       1.2741
    1146       1.2225
    1147       1.3424
    1148       1.3728
    1149       1.3118
    1150       1.2795
    1151       1.3681
    1152       1.2860
    1153       1.2861
    1154       1.4193
    1155       1.3725
    1156       1.3677
    1157       1.3926
    1158       1.4587
    1159       1.3096
    1160       1.3292
    1161       1.3150
    1162       1.2897
    1163       1.3708
    1164       1.2429
    1165       1.2488
    1166       1.2802
    1167       1.2510
    1168       1.2428
    1169       1.2546
    1170       1.3571
    1171       1.3139
    1172       1.3025
    1173       1.2842
    1174       1.2821
    1175       1.2567
    1176       1.3140
    1177       1.2546
    1178       1.1061
    1179       1.2562
    1180       1.3210
    1181       1.2738
    1182       1.3650
    1183       1.2964
    1184       1.2785
    1185       1.3754
    1186       1.2755
    1187       1.2109
    1188       1.3238
    1189       1.3355
    1190       1.3417
    1191       1.3283
    1192       1.2191
    1193       1.3679
    1194       1.3827
    1195       1.3397
    1196       1.2320
    1197       1.3347
    1198       1.3018
    1199       1.2560
    1200       1.3640
    1201       1.3805
    1202       1.3277
    1203       1.2897
    1204       1.2260
    1205       1.3404
    1206       1.3748
    1207       1.2512
    1208       1.2742
    1209       1.3203
    1210       1.2902
    1211       1.3569
    1212       1.2665
    1213       1.1961
    1214       1.2472
    1215       1.2035
    1216       1.2085
    1217       1.2194
    1218       1.1477
    1219       1.1439
    1220       1.2968
    1221       1.2109
    1222       1.2209
    1223       1.3299
    1224       1.3333
    1225       1.2998
    1226       1.2723
    1227       1.3311
    1228       1.2764
    1229       1.3057
    1230       1.2398
    1231       1.3335
    1232       1.2471
    1233       1.2966
    1234       1.2829
    1235       1.2991
    1236       1.1027
    1237       1.1401
    1238       1.2350
    1239       1.2174
    1240       1.1863
    1241       1.2087
    1242       1.2195
    1243       1.2928
    1244       1.2756
    1245       1.2631
    1246       1.2097
    1247       1.3792
    1248       1.2452
    1249       1.3468
    1250       1.2637
    1251       1.3061
    1252       1.3012
    1253       1.3011
    1254       1.3462
    1255       1.3379
    1256       1.3271
    1257       1.2138
    1258       1.1983
    1259       1.2203
    1260       1.2178
    1261       1.2074
    1262       1.2488
    1263       1.2038
    1264       1.2250
    1265       1.2959
    1266       1.1975
    1267       1.2377
    1268       1.1925
    1269       1.2149
    1270       1.2376
    1271       1.2229
    1272       1.3098
    1273       1.3162
    1274       1.2535
    1275       1.2728
    1276       1.2861
    1277       1.2652
    1278       1.3205
    1279       1.2058
    1280       1.1860
    1281       1.2726
    1282       1.1873
    1283       1.2408
    1284       1.2593
    1285       1.2323
    1286       1.2636
    1287       1.2191
    1288       1.2553
    1289       1.3080
    1290       1.1913
    1291       1.3604
    1292       1.2226
    1293       1.2458
    1294       1.2994
    1295       1.3901
    1296       1.2731
    1297       1.3505
    1298       1.3422
    1299       1.3719
    1300       1.3841
    1301       1.2969
    1302       1.3649
    1303       1.3786
    1304       1.3384
    1305       1.2714
    1306       1.4255
    1307       1.2370
    1308       1.3362
    1309       1.2883
    1310       1.3687
    1311       1.3508
    1312       1.3775
    1313       1.3449
    1314       1.3579
    1315       1.4559
    1316       1.3643
    1317       1.3566
    1318       1.3869
    1319       1.3164
    1320       1.3798
    1321       1.3870
    1322       1.3656
    1323       1.3285
    1324       1.3571
    1325       1.4043
    1326       1.3451
    1327       1.2577
    1328       1.2591
    1329       1.4041
    1330       1.3239
    1331       1.3465
    1332       1.3012
    1333       1.3180
    1334       1.3265
    1335       1.2832
    1336       1.3556
    1337       1.3727
    1338       1.3586
    1339       1.3846
    1340       1.3398
    1341       1.2859
    1342       1.2857
    1343       1.3283
    1344       1.3927
    1345       1.1595
    1346       1.3062
    1347       1.2873
    1348       1.2821
    1349       1.3451
    1350       1.3411
    1351       1.2191
    1352       1.3245
    1353       1.2988
    1354       1.3296
    1355       1.2935
    1356       1.2774
    1357       1.3718
    1358       1.2978
    1359       1.2355
    1360       1.3705
    1361       1.3459
    1362       1.2824
    1363       1.3498
    1364       1.3019
    1365       1.2437
    1366       1.3034
    1367       1.2632
    1368       1.2973
    1369       1.3427
    1370       1.2967
    1371       1.3667
    1372       1.2839
    1373       1.3336
    1374       1.2117
    1375       1.2199
    1376       1.2848
    1377       1.3973
    1378       1.3357
    1379       1.3322
    1380       1.3711
    1381       1.3464
    1382       1.2570
    1383       1.3165
    1384       1.3422
    1385       1.3019
    1386       1.3619
    1387       1.3238
    1388       1.3452
    1389       1.3117
    1390       1.3081
    1391       1.3657
    1392       1.3577
    1393       1.3506
    1394       1.4355
    1395       1.3158
    1396       1.3552
    1397       1.3361
    1398       1.3555
    1399       1.2903
    1400       1.2887
    1401       1.3775
    1402       1.3055
    1403       1.3954
    1404       1.4911
    1405       1.3276
    1406       1.3866
    1407       1.4037
    1408       1.4141
    1409       1.3180
    1410       1.3775
    1411       1.3963
    1412       1.3034
    1413       1.3917
    1414       1.3174
    1415       1.3887
    1416       1.3882
    1417       1.4747
    1418       1.3496
    1419       1.3812
    1420       1.4193
    1421       1.2862
    1422       1.3771
    1423       1.3446
    1424       1.3607
    1425       1.3597
    1426       1.3391
    1427       1.3777
    1428       1.2972
    1429       1.3433
    1430       1.3704
    1431       1.3892
    1432       1.3178
    1433       1.3755
    1434       1.4246
    1435       1.3487
    1436       1.3196
    1437       1.3890
    1438       1.2415
    1439       1.2916
    1440       1.3333
    1441       1.3426
    1442       1.3436
    1443       1.2732
    1444       1.2405
    1445       1.2618
    1446       1.4671
    1447       1.3232
    1448       1.4160
    1449       1.3832
    1450       1.3071
    1451       1.2627
    1452       1.2871
    1453       1.3711
    1454       1.3710
    1455       1.3295
    1456       1.3665
    1457       1.3617
    1458       1.3993
    1459       1.3737
    1460       1.3307
    1461       1.3686
    1462       1.2787
    1463       1.3439
    1464       1.4416
    1465       1.3208
    1466       1.4181
    1467       1.4036
    1468       1.4051
    1469       1.3906
    1470       1.3765
    1471       1.4350
    1472       1.3306
    1473       1.2783
    1474       1.3808
    1475       1.5849
    1476       1.4635
    1477       1.4570
    1478       1.5072
    1479       1.3401
    1480       1.4620
    1481       1.4543
    1482       1.3380
    1483       1.4000
    1484       1.4464
    1485       1.3819
    1486       1.3701
    1487       1.3870
    1488       1.3119
    1489       1.4473
    1490       1.4205
    1491       1.4573
    1492       1.3550
    1493       1.3977
    1494       1.3268
    1495       1.2872
    1496       1.2758
    1497       1.3524
    1498       1.3003
    1499       1.2167
    1500       1.3272
    1501       1.3642
    1502       1.2121
    1503       1.2306
    1504       1.2740
    1505       1.3229
    1506       1.3858
    1507       1.3090
    1508       1.3808
    1509       1.4514
    1510       1.3891
    1511       1.3927
    1512       1.4085
    1513       1.3184
    1514       1.3715
    1515       1.2888
    1516       1.3127
    1517       1.4070
    1518       1.2260
    1519       1.3593
    1520       1.3635
    1521       1.3006
    1522       1.3651
    1523       1.3946
    1524       1.2071
    1525       1.2921
    1526       1.3536
    1527       1.2887
    1528       1.3355
    1529       1.3780
    1530       1.2985
    1531       1.3857
    1532       1.3736
    1533       1.3428
    1534       1.3584
    1535       1.2941
    1536       1.3191
    1537       1.2978
    1538       1.3385
    1539       1.3375
    1540       1.3742
    1541       1.4572
    1542       1.3903
    1543       1.4401
    1544       1.2836
    1545       1.4087
    1546       1.3716
    1547       1.3438
    1548       1.3495
    1549       1.3911
    1550       1.3882
    1551       1.4528
    1552       1.4613
    1553       1.3644
    1554       1.3132
    1555       1.4050
    1556       1.3976
    1557       1.4304
    1558       1.2777
    1559       1.2561
    1560       1.2863
    1561       1.2300
    1562       1.3835
    1563       1.2168
    1564       1.3750
    1565       1.3845
    1566       1.3398
    1567       1.3209
    1568       1.3952
    1569       1.2737
    1570       1.2543
    1571       1.2994
    1572       1.3411
    1573       1.2677
    1574       1.2846
    1575       1.3493
    1576       1.2855
    1577       1.4924
    1578       1.2681
    1579       1.4532
    1580       1.3296
    1581       1.1985
    1582       1.3352
    1583       1.2541
    1584       1.1994
    1585       1.4909
    1586       1.4380
    1587       1.4934
    1588       1.3575
    1589       1.3024
    1590       1.3324
    1591       1.3064
    1592       1.2985
    1593       1.3399
    1594       1.2820
    1595       1.2496
    1596       1.2690
    1597       1.4019
    1598       1.3687
    1599       1.3061
    1600       1.3187
    1601       1.3285
    1602       1.2981
    1603       1.3225
    1604       1.1832
    1605       1.3150
    1606       1.1960
    1607       1.2034
    1608       1.2514
    1609       1.3477
    1610       1.2758
    1611       1.3713
    1612       1.2735
    1613       1.5142
    1614       1.4315
    1615       1.5272
    1616       1.2656
    1617       1.2789
    1618       1.2149
    1619       1.3133
    1620       1.2809
    1621       1.2413
    1622       1.3489
    1623       1.2319
    1624       1.3111
    1625       1.3547
    1626       1.3222
    1627       1.2601
    1628       1.2906
    1629       1.2341
    1630       1.2723
    1631       1.2370
    1632       1.3534
    1633       1.2376
    1634       1.3131
    1635       1.2772
    1636       1.2297
    1637       1.3024
    1638       1.2104
    1639       1.2918
    1640       1.2555
    1641       1.2629
    1642       1.3252
    1643       1.3371
    1644       1.2490
    1645       1.2021
    1646       1.2965
    1647       1.2431
    1648       1.2028
    1649       1.3357
    1650       1.2870
    1651       1.3571
    1652       1.3327
    1653       1.2816
    1654       1.3310
    1655       1.4002
    1656       1.3303
    1657       1.2536
    1658       1.2529
    1659       1.2718
    1660       1.2941
    1661       1.3048
    1662       1.2863
    1663       1.3526
    1664       1.3557
    1665       1.3881
    1666       1.3157
    1667       1.3670
    1668       1.3472
    1669       1.3155
    1670       1.4923
    1671       1.3039
    1672       1.3852
    1673       1.4485
    1674       1.4882
    1675       1.4207
    1676       1.4132
    1677       1.3949
    1678       1.2892
    1679       1.3629
    1680       1.3307
    1681       1.2913
    1682       1.4142
    1683       1.3144
    1684       1.1899
    1685       1.2536
    1686       1.3741
    1687       1.3542
    1688       1.2282
    1689       1.3667
    1690       1.4772
    1691       1.3011
    1692       1.3894
    1693       1.4390
    1694       1.3872
    1695       1.4064
    1696       1.3098
    1697       1.3793
    1698       1.3213
    1699       1.4197
    1700       1.3521
    1701       1.3563
    1702       1.3982
    1703       1.2906
    1704       1.3968
    1705       1.2890
    1706       1.3494
    1707       1.3881
    1708       1.3258
    1709       1.3961
    1710       1.2932
    1711       1.4063
    1712       1.4311
    1713       1.3139
    1714       1.3386
    1715       1.2947
    1716       1.3588
    1717       1.3140
    1718       1.2509
    1719       1.3412
    1720       1.4009
    1721       1.3803
    1722       1.4091
    1723       1.3686
    1724       1.3592
    1725       1.3078
    1726       1.3544
    1727       1.3406
    1728       1.2747
    1729       1.2612
    1730       1.2741
    1731       1.4008
    1732       1.3161
    1733       1.2922
    1734       1.2409
    1735       1.2627
    1736       1.3327
    1737       1.3813
    1738       1.2992
    1739       1.3909
    1740       1.3322
    1741       1.3238
    1742       1.3235
    1743       1.3311
    1744       1.3032
    1745       1.2880
    1746       1.3047
    1747       1.2446
    1748       1.2429
    1749       1.3008
    1750       1.3188
    1751       1.3586
    1752       1.3384
    1753       1.3078
    1754       1.2992
    1755       1.3591
    1756       1.2731
    1757       1.3515
    1758       1.3674
    1759       1.3521
    1760       1.3420
    1761       1.3594
    1762       1.4627
    1763       1.3849
    1764       1.3255
    1765       1.3063
    1766       1.2589
    1767       1.2347
    1768       1.2353
    1769       1.3057
    1770       1.3497
    1771       1.2372
    1772       1.2100
    1773       1.2283
    1774       1.2929
    1775       1.2674
    1776       1.2559
    1777       1.2779
    1778       1.2506
    1779       1.2679
    1780       1.2108
    1781       1.2693
    1782       1.2742
    1783       1.2672
    1784       1.3121
    1785       1.2968
    1786       1.3810
    1787       1.3785
    1788       1.4741
    1789       1.5729
    1790       1.3876
    1791       1.4368
    1792       1.3976
    1793       1.4077
    1794       1.4542
    1795       1.3891
    1796       1.3322
    1797       1.2929
    1798       1.3879
    1799       1.3880
    1800       1.3598
    1801       1.2643
    1802       1.3076
    1803       1.3731
    1804       1.3702
    1805       1.3161
    1806       1.3147
    1807       1.2833
    1808       1.3195
    1809       1.3499
    1810       1.2900
    1811       1.3744
    1812       1.4232
    1813       1.4298
    1814       1.3944
    1815       1.3967
    1816       1.4583
    1817       1.4008
    1818       1.3754
    1819       1.3632
    1820       1.4048
    1821       1.3552
    1822       1.4041
    1823       1.3959
    1824       1.3843
    1825       1.1581
    1826       1.3172
    1827       1.2750
    1828       1.2597
    1829       1.3759
    1830       1.3368
    1831       1.3952
    1832       1.3030
    1833       1.4083
    1834       1.4190
    1835       1.4478
    1836       1.4810
    1837       1.5169
    1838       1.5399
    1839       1.5060
    1840       1.5451
    1841       1.6136
    1842       1.4268
    1843       1.3903
    1844       1.4408
    1845       1.5428
    1846       1.5772
    1847       1.5211
    1848       1.4487
    1849       1.4021
    1850       1.4469
    1851       1.4757
    1852       1.3945
    1853       1.4353
    1854       1.4484
    1855       1.4266
    1856       1.5198
    1857       1.4423
    1858       1.4054
    1859       1.3628
    1860       1.4144
    1861       1.3398
    1862       1.3755
    1863       1.5001
    1864       1.3789
    1865       1.3807
    1866       1.5667
    1867       1.6218
    1868       1.7026
    1869       1.6283
    1870       1.5613
    1871       1.5122
    1872       1.4240
    1873       1.4726
    1874       1.5579
    1875       1.5387
    1876       1.5388
    1877       1.5589
    1878       1.5573
    1879       1.5853
    1880       1.6870
    1881       1.5056
    1882       1.5973
    1883       1.4339
    1884       1.5783
    1885       1.5364
    1886       1.6476
    1887       1.5941
    1888       1.3852
    1889       1.4196
    1890       1.5720
    1891       1.7628
    1892       1.7522
    1893       1.7787
    1894       1.7733
    1895       1.5686
    1896       1.6597
    1897       1.6924
    1898       1.6522
    1899       1.6216
    1900       1.5225
    1901       1.8088
    1902       1.6211
    1903       1.8531
    1904       1.6505
    1905       1.5997
    1906       1.5524
    1907       1.6575
    1908       1.7047
    1909       1.8570
    1910       1.8315
    1911       1.8925
    1912       2.0540
    1913       1.8468
    1914       1.9985
    1915       1.9365
    1916       1.9741
    1917       1.6982
    1918       1.6744
    1919       1.5823
    1920       1.7695
    1921       1.6373
    1922       1.6825
    1923       1.6528
    1924       1.6464
    1925       1.6396
    1926       1.5802
    1927       1.6336
    1928       1.6345
    1929       1.6768
    1930       1.6183
    1931       1.6059
    1932       1.6595
    1933       1.6375
    1934       1.6886
    1935       1.5785
    1936       1.7785
    1937       1.6199
    1938       1.5758
    1939       1.7551
    1940       1.6883
    1941       1.7362
    1942       1.9605
    1943       2.1599
    1944       2.3317
    1945       2.1371
    1946       2.3766
    1947       2.3347
    1948       2.4856
    1949       2.4097
    1950       2.4114
    1951       2.5306
    1952       2.2668
    1953       2.1021
    1954       1.9442
    1955       2.0326
    1956       2.1127
    1957       2.0735
    1958       2.4493
    1959       2.3784
    1960       2.3294
    1961       2.4074
    1962       1.9962
    1963       2.1798
    1964       2.2851
    1965       2.1576
    1966       2.1994
    1967       2.1373
    1968       2.2280
    1969       2.1612
    1970       2.2047
    1971       2.1718
    1972       2.1687
    1973       2.3241
    1974       2.2209
    1975       2.2457
    1976       2.3230
    1977       2.7557
    1978       2.6240
    1979       2.5880
    1980       2.4917
    1981       2.4765
    1982       2.1865
    1983       2.3542
    1984       2.4318
    1985       2.2580
    1986       2.4161
    1987       2.2544
    1988       2.3076
    1989       2.4200
    1990       2.0550
    1991       2.2960
    1992       2.2731
    1993       2.4405
    1994       2.4260
    1995       2.5265
    1996       2.2958
    1997       2.4144
    1998       2.2170
    1999       2.3417
    2000       2.2273
    2001       2.4145
    2002       2.3046
    2003       2.0440
    2004       1.9853
    2005       2.1222
    2006       2.4208
    2007       2.4361
    2008       2.3705
    2009       2.2580
    2010       2.2581
    2011       2.4652
    2012       2.2788
    2013       2.4599
    2014       2.2983
    2015       2.3705
    2016       2.4610
    2017       2.6260
    2018       2.5693
    2019       2.5973
    2020       2.5852
    2021       2.6175
    2022       2.4362
    2023       2.3156
    2024       2.3579
    2025       2.2570
    2026       2.5652
    2027       2.5474
    2028       2.5061
    2029       2.3104
    2030       2.3094
    2031       2.4008
    2032       2.4957
    2033       2.3638
    2034       2.3563
    2035       2.3956
    2036       2.3305
    2037       2.4053
    2038       2.4267
    2039       2.3494
    2040       2.3969
    2041       2.1804
    2042       2.3692
    2043       2.3226
    2044       2.2331
    2045       2.2251
    2046       2.1716
    2047       2.2772
    2048       2.3177
    2049       2.0417
    2050       2.2087
    2051       2.2827
    2052       2.2920
    2053       2.1950
    2054       2.3068
    2055       2.2220
    2056       2.2669
    2057       2.1613
    2058       2.2028
    2059       2.2140
    2060       2.3069
    2061       2.3358
    2062       2.1518
    2063       2.3164
    2064       2.2583
    2065       2.2634
    2066       2.0538
    2067       2.2850
    2068       2.3380
    2069       2.2789
    2070       2.3380
    2071       2.4218
    2072       2.4932
    2073       2.3426
    2074       2.4276
    2075       2.2266
    2076       2.3727
    2077       2.1403
    2078       2.0783
    2079       2.2208
    2080       2.1829
    2081       2.0639
    2082       2.1503
    2083       2.0694
    2084       2.0717
    2085       2.1411
    2086       2.0020
    2087       2.0599
    2088       2.2945
    2089       2.2714
    2090       2.2277
    2091       2.0400
    2092       2.6103
    2093       2.3670
    2094       1.9928
    2095       2.1396
    2096       2.2062
    2097       2.1631
    2098       2.0314
    2099       2.1021
    2100       2.3110
    2101       2.0855
    2102       2.5714
    2103       2.3365
    2104       2.4213
    2105       2.2827
    2106       2.4017
    2107       2.2491
    2108       2.3107
    2109       2.0279
    2110       1.9965
    2111       1.9848
    2112       2.3467
    2113       2.2087
    2114       2.0614
    2115       1.9001
    2116       1.9169
    2117       1.9889
    2118       2.3845
    2119       2.5910
    2120       2.3384
    2121       1.9004
    2122       2.0034
    2123       2.1976
    2124       2.1165
    2125       2.0540
    2126       1.8315
    2127       1.8945
    2128       1.8765
    2129       1.8330
    2130       2.0301
    2131       1.9799
    2132       2.0123
    2133       1.7144
    2134       1.8525
    2135       1.7344
    2136       1.7746
    2137       1.8305
    2138       1.6094
    2139       1.5243
    2140       1.3934
    2141       1.3361
    2142       1.4371
    2143       1.4416
    2144       1.4755
    2145       1.4574
    2146       1.3523
    2147       1.3619
    2148       1.2806
    2149       1.3481
    2150       1.3631
    2151       1.3419
    2152       1.3696
    2153       1.3741
    2154       1.4248
    2155       1.4512
    2156       1.4113
    2157       1.3667
    2158       1.5386
    2159       1.4349
    2160       1.3904
    2161       1.3475
    2162       1.3635
    2163       1.5303
    2164       1.4832
    2165       1.4217
    2166       1.5022
    2167       1.4549
    2168       1.5056
    2169       1.4077
    2170       1.3944
    2171       1.5505
    2172       1.3896
    2173       1.3655
    2174       1.4447
    2175       1.5475
    2176       1.4219
    2177       1.5258
    2178       1.3880
    2179       1.5383
    2180       1.4275
    2181       1.3401
    2182       1.3939
    2183       1.3747
    2184       1.4032
    2185       1.4436
    2186       1.4833
    2187       1.3432
    2188       1.3904
    2189       1.3868
    2190       1.2835
    2191       1.3934
    2192       1.3371
    2193       1.3004
    2194       1.3738
    2195       1.3658
    2196       1.4106
    2197       1.4155
    2198       1.4545
    2199       1.3718
    2200       1.4095
    2201       1.3582
    2202       1.3573
    2203       1.2425
    2204       1.3098
    2205       1.3951
    2206       1.3408
    2207       1.2333
    2208       1.2982
    2209       1.2982
    2210       1.2446
    2211       1.3688
    2212       1.3169
    2213       1.2784
    2214       1.2956
    2215       1.3526
    2216       1.2665
    2217       1.3735
    2218       1.3270
    2219       1.2990
    2220       1.2109
    2221       1.3751
    2222       1.3263
    2223       1.3830
    2224       1.2700
    2225       1.2050
    2226       1.3051
    2227       1.2768
    2228       1.2871
    2229       1.2699
    2230       1.3416
    2231       1.2800
    2232       1.3145
    2233       1.3238
    2234       1.3005
    2235       1.3144
    2236       1.4311
    2237       1.3693
    2238       1.3996
    2239       1.3611
    2240       1.4105
    2241       1.4087
    2242       1.3477
    2243       1.3823
    2244       1.4136
    2245       1.3116
    2246       1.4029
    2247       1.3377
    2248       1.3114
    2249       1.3483
    2250       1.3795
    2251       1.3959
    2252       1.4678
    2253       1.4405
    2254       1.3665
    2255       1.3558
    2256       1.3799
    2257       1.3846
    2258       1.3152
    2259       1.3133
    2260       1.4116
    2261       1.6080
    2262       1.4666
    2263       1.5556
    2264       1.3928
    2265       1.4938
    2266       1.3957
    2267       1.5135
    2268       1.3518
    2269       1.3398
    2270       1.3785
    2271       1.5146
    2272       1.4569
    2273       1.3590
    2274       1.2838
    2275       1.3488
    2276       1.2975
    2277       1.3327
    2278       1.5066
    2279       1.3779
    2280       1.3597
    2281       1.3491
    2282       1.3150
    2283       1.3406
    2284       1.3352
    2285       1.2980
    2286       1.2118
    2287       1.2918
    2288       1.3586
    2289       1.3770
    2290       1.3855
    2291       1.2895
    2292       1.3257
    2293       1.4048
    2294       1.5327
    2295       1.3692
    2296       1.4014
    2297       1.2835
    2298       1.3282
    2299       1.4059
    2300       1.3928
    2301       1.4040
    2302       1.3877
    2303       1.3353
    2304       1.3574
    2305       1.3411
    2306       1.3568
    2307       1.3765
    2308       1.3442
    2309       1.3976
    2310       1.4141
    2311       1.4216
    2312       1.4423
    2313       1.4479
    2314       1.3550
    2315       1.4127
    2316       1.3346
    2317       1.4000
    2318       1.4101
    2319       1.4322
    2320       1.2201
    2321       1.3513
    2322       1.3860
    2323       1.3425
    2324       1.3493
    2325       1.2745
    2326       1.3321
    2327       1.2817
    2328       1.2945
    2329       1.2246
    2330       1.2866
    2331       1.3720
    2332       1.3223
    2333       1.3802
    2334       1.3123
    2335       1.2927
    2336       1.3258
    2337       1.2728
    2338       1.3647
    2339       1.3510
    2340       1.3968
    2341       1.3457
    2342       1.4082
    2343       1.2978
    2344       1.3893
    2345       1.3347
    2346       1.3404
    2347       1.4101
    2348       1.4906
    2349       1.3761
    2350       1.4069
    2351       1.3813
    2352       1.3949
    2353       1.2661
    2354       1.3864
    2355       1.3871
    2356       1.4388
    2357       1.3940
    2358       1.4339
    2359       1.3327
    2360       1.3780
    2361       1.3691
    2362       1.3416
    2363       1.3739
    2364       1.4505
    2365       1.3783
    2366       1.3288
    2367       1.2351
    2368       1.3140
    2369       1.2759
    2370       1.3058
    2371       1.2445
    2372       1.3138
    2373       1.2243
    2374       1.2270
    2375       1.3026
    2376       1.3000
    2377       1.3173
    2378       1.3911
    2379       1.4088
    2380       1.3971
    2381       1.3518
    2382       1.2765
    2383       1.3386
    2384       1.4503
    2385       1.3606
    2386       1.3713
    2387       1.3278
    2388       1.3924
    2389       1.3752
    2390       1.4148
    2391       1.4805
    2392       1.4299
    2393       1.4209
    2394       1.3873
    2395       1.4481
    2396       1.5471
    2397       1.4538
    2398       1.4192
    2399       1.3649
    2400       1.3524
    2401       1.3252
    2402       1.3123
    2403       1.4345
    2404       1.3387
    2405       1.4367
    2406       1.2982
    2407       1.3108
    2408       1.2654
    2409       1.2900
    2410       1.3658
    2411       1.4240
    2412       1.4091
    2413       1.3533
    2414       1.3397
    2415       1.4544
    2416       1.4463
    2417       1.4257
    2418       1.4479
    2419       1.4436
    2420       1.4483
    2421       1.3682
    2422       1.2884
    2423       1.3045
    2424       1.3095
    2425       1.3061
    2426       1.2950
    2427       1.3704
    2428       1.3792
    2429       1.3633
    2430       1.3904
    2431       1.3945
    2432       1.3499
    2433       1.3616
    2434       1.4682
    2435       1.4429
    2436       1.3770
    2437       1.2976
    2438       1.3793
    2439       1.4227
    2440       1.3123
    2441       1.3049
    2442       1.3199
    2443       1.2885
    2444       1.3032
    2445       1.2715
    2446       1.3381
    2447       1.3355
    2448       1.2464
    2449       1.3417
    2450       1.2482
    2451       1.2760
    2452       1.3128
    2453       1.3332
    2454       1.3129
    2455       1.3164
    2456       1.3529
    2457       1.3397
    2458       1.3708
    2459       1.4019
    2460       1.2857
    2461       1.2496
    2462       1.2973
    2463       1.3904
    2464       1.4032
    2465       1.3545
    2466       1.3511
    2467       1.3495
    2468       1.3136
    2469       1.3632
    2470       1.3469
    2471       1.3176
    2472       1.3518
    2473       1.3367
    2474       1.3268
    2475       1.2939
    2476       1.3290
    2477       1.2830
    2478       1.3850
    2479       1.3037
    2480       1.3315
    2481       1.3623
    2482       1.3947
    2483       1.4353
    2484       1.3560
    2485       1.4467
    2486       1.4356
    2487       1.3966
    2488       1.4694
    2489       1.3568
    2490       1.3170
    2491       1.3529
    2492       1.4134
    2493       1.3780
    2494       1.3967
    2495       1.4094
    2496       1.4680
    2497       1.2603
    2498       1.3448
    2499       1.3029
    2500       1.3045
    2501       1.3634
    2502       1.3258
    2503       1.3578
    2504       1.2551
    2505       1.3496
    2506       1.4312
    2507       1.4127
    2508       1.3586
    2509       1.3654
    2510       1.3830
    2511       1.4061
    2512       1.4217
    2513       1.4104
    2514       1.3506
    2515       1.3010
    2516       1.3868
    2517       1.4364
    2518       1.4281
    2519       1.3982
    2520       1.4033
    2521       1.4014
    2522       1.3989
    2523       1.4284
    2524       1.3259
    2525       1.4360
    2526       1.4201
    2527       1.3588
    2528       1.3686
    2529       1.3799
    2530       1.3437
    2531       1.3265
    2532       1.4023
    2533       1.3385
    2534       1.2711
    2535       1.4250
    2536       1.3995
    2537       1.3988
    2538       1.3421
    2539       1.4630
    2540       1.4116
    2541       1.4439
    2542       1.3548
    2543       1.3944
    2544       1.4541
    2545       1.5004
    2546       1.3986
    2547       1.4127
    2548       1.4624
    2549       1.3549
    2550       1.4211
    2551       1.4694
    2552       1.3693
    2553       1.3122
    2554       1.4120
    2555       1.4277
    2556       1.4371
    2557       1.3587
    2558       1.4138
    2559       1.3060
    2560       1.5734
    2561       1.4725
    2562       1.4475
    2563       1.4147
    2564       1.4845
    2565       1.4848
    2566       1.4488
    2567       1.4678
    2568       1.4921
    2569       1.3348
    2570       1.4197
    2571       1.4472
    2572       1.5234
    2573       1.5884
    2574       1.5339
    2575       1.4921
    2576       1.4032
    2577       1.4285
    2578       1.4032
    2579       1.5276
    2580       1.4076
    2581       1.3841
    2582       1.5107
    2583       1.5926
    2584       1.5442
    2585       1.5269
    2586       1.5184
    2587       1.4986
    2588       1.5191
    2589       1.4663
    2590       1.4541
    2591       1.4784
    2592       1.5353
    2593       1.5017
    2594       1.5308
    2595       1.4521
    2596       1.5151
    2597       1.4527
    2598       1.4097
    2599       1.4200
    2600       1.4247
    2601       1.4643
    2602       1.4144
    2603       1.4123
    2604       1.4247
    2605       1.4356
    2606       1.4706
    2607       1.4540
    2608       1.5002
    2609       1.4857
    2610       1.5226
    2611       1.3710
    2612       1.4157
    2613       1.4941
    2614       1.4726
    2615       1.5409
    2616       1.4574
    2617       1.4119
    2618       1.5588
    2619       1.5448
    2620       1.4823
    2621       1.4314
    2622       1.4672
    2623       1.4961
    2624       1.5169
    2625       1.5625
    2626       1.5667
    2627       1.5502
    2628       1.5683
    2629       1.5202
    2630       1.4847
    2631       1.5506
    2632       1.4580
    2633       1.5205
    2634       1.5247
    2635       1.4472
    2636       1.4293
    2637       1.4904
    2638       1.4834
    2639       1.5789
    2640       1.4697
    2641       1.4273
    2642       1.4220
    2643       1.4351
    2644       1.4550
    2645       1.5047
    2646       1.4676
    2647       1.4357
    2648       1.4151
    2649       1.5454
    2650       1.5337
    2651       1.5379
    2652       1.5124
    2653       1.6258
    2654       1.5432
    2655       1.4917
    2656       1.4896
    2657       1.4685
    2658       1.5660
    2659       1.5529
    2660       1.4678
    2661       1.4936
    2662       1.5404
    2663       1.5314
    2664       1.4329
    2665       1.5853
    2666       1.5085
    2667       1.5139
    2668       1.5222
    2669       1.5228
    2670       1.4292
    2671       1.4912
    2672       1.4170
    2673       1.4688
    2674       1.4651
    2675       1.5330
    2676       1.4791
    2677       1.5265
    2678       1.5313
    2679       1.5622
    2680       1.4765
    2681       1.4810
    2682       1.4084
    2683       1.3699
    2684       1.5060
    2685       1.3054
    2686       1.4032
    2687       1.3898
    2688       1.3023
    2689       1.4825
    2690       1.5194
    2691       1.6341
    2692       1.5935
    2693       1.4507
    2694       1.2669
    2695       1.4400
    2696       1.3643
    2697       1.4637
    2698       1.5131
    2699       1.3974
    2700       1.3623
    2701       1.3001
    2702       1.4109
    2703       1.4506
    2704       1.5046
    2705       1.4149
    2706       1.4797
    2707       1.4560
    2708       1.4764
    2709       1.4425
    2710       1.5131
    2711       1.4989
    2712       1.3866
    2713       1.4278
    2714       1.4000
    2715       1.4663
    2716       1.5005
    2717       1.4703
    2718       1.4180
    2719       1.4762
    2720       1.3926
    2721       1.3943
    2722       1.4340
    2723       1.4479
    2724       1.4104
    2725       1.3974
    2726       1.3768
    2727       1.3559
    2728       1.2624
    2729       1.3981
    2730       1.4295
    2731       1.3574
    2732       1.4183
    2733       1.4509
    2734       1.3222
    2735       1.3924
    2736       1.3498
    2737       1.3118
    2738       1.3626
    2739       1.3740
    2740       1.4452
    2741       1.4926
    2742       1.3762
    2743       1.5337
    2744       1.3309
    2745       1.3340
    2746       1.4518
    2747       1.4163
    2748       1.3910
    2749       1.4669
    2750       1.4427
    2751       1.3985
    2752       1.3831
    2753       1.4759
    2754       1.3815
    2755       1.3905
    2756       1.3794
    2757       1.3886
    2758       1.4279
    2759       1.4049
    2760       1.3794
    2761       1.4450
    2762       1.3753
    2763       1.3487
    2764       1.5681
    2765       1.4756
    2766       1.3975
    2767       1.4505
    2768       1.4650
    2769       1.5500
    2770       1.4232
    2771       1.4627
    2772       1.5538
    2773       1.4876
    2774       1.4676
    2775       1.4466
    2776       1.4494
    2777       1.4691
    2778       1.5357
    2779       1.5568
    2780       1.5544
    2781       1.4549
    2782       1.4622
    2783       1.4220
    2784       1.4730
    2785       1.4546
    2786       1.6678
    2787       1.5674
    2788       1.5528
    2789       1.5343
    2790       1.5262
    2791       1.5683
    2792       1.5731
    2793       1.5712
    2794       1.4177
    2795       1.3673
    2796       1.5457
    2797       1.5735
    2798       1.5216
    2799       1.4665
    2800       1.4976
    2801       1.3744
    2802       1.4616
    2803       1.6549
    2804       1.5638
    2805       1.6347
    2806       1.4146
    2807       1.5110
    2808       1.5836
    2809       1.5953
    2810       1.5731
    2811       1.4865
    2812       1.5738
    2813       1.6238
    2814       1.5833
    2815       1.6128
    2816       1.5693
    2817       1.5598
    2818       1.5569
    2819       1.5273
    2820       1.4917
    2821       1.6150
    2822       1.6058
    2823       1.4964
    2824       1.6023
    2825       1.5905
    2826       1.5920
    2827       1.5334
    2828       1.5676
    2829       1.6049
    2830       1.4612
    2831       1.7021
    2832       1.6613
    2833       1.6768
    2834       1.6548
    2835       1.6974
    2836       1.7304
    2837       1.5774
    2838       1.7430
    2839       1.6202
    2840       1.7496
    2841       1.6736
    2842       1.6715
    2843       1.6006
    2844       1.5205
    2845       1.4853
    2846       1.6212
    2847       1.6560
    2848       1.5177
    2849       1.5692
    2850       1.5871
    2851       1.4618
    2852       1.6437
    2853       1.5007
    2854       1.5451
    2855       1.5260
    2856       1.4972
    2857       1.5231
    2858       1.4929
    2859       1.5490
    2860       1.4912
    2861       1.4808
    2862       1.4781
    2863       1.4239
    2864       1.5067
    2865       1.5192
    2866       1.5784
    2867       1.4903
    2868       1.6495
    2869       1.6056
    2870       1.7778
    2871       1.5584
    2872       1.4807
    2873       1.5679
    2874       1.5195
    2875       1.6488
    2876       1.4999
    2877       1.4994
    2878       1.4583
    2879       1.4838
    2880       1.5880
    2881       1.5332
    2882       1.3720
    2883       1.4078
    2884       1.5062
    2885       1.4444
    2886       1.4575
    2887       1.4978
    2888       1.4730
    2889       1.5505
    2890       1.5628
    2891       1.4904
    2892       1.7679
    2893       1.5706
    2894       1.5506
    2895       1.4522
    2896       1.6899
    2897       1.5419
    2898       1.5053
    2899       1.5363
    2900       1.4872
    2901       1.4054
    2902       1.4776
    2903       1.5321
    2904       1.5684
    2905       1.4682
    2906       1.5138
    2907       1.6761
    2908       1.5893
    2909       1.5891
    2910       1.6708
    2911       1.6746
    2912       1.7326
    2913       1.6498
    2914       1.5593
    2915       1.5899
    2916       1.6154
    2917       1.5601
    2918       1.6096
    2919       1.5334
    2920       1.6104
    2921       1.5077
    2922       1.5947
    2923       1.5953
    2924       1.6172
    2925       1.5425
    2926       1.5212
    2927       1.6558
    2928       1.5509
    2929       1.7414
    2930       1.6598
    2931       1.7302
    2932       1.6347
    2933       1.6648
    2934       1.6032
    2935       1.7651
    2936       1.6283
    2937       1.6000
    2938       1.7288
    2939       1.7266
    2940       1.7799
    2941       1.7193
    2942       1.7335
    2943       1.6314
    2944       1.6157
    2945       1.5802
    2946       1.5449
    2947       1.6748
    2948       1.6254
    2949       1.5931
    2950       1.5605
    2951       1.5644
    2952       1.6398
    2953       1.6293
    2954       1.5108
    2955       1.7012
    2956       1.5935
    2957       1.5389
    2958       1.8055
    2959       1.7142
    2960       1.5453
    2961       1.7041
    2962       1.7527
    2963       1.8713
    2964       1.8521
    2965       1.7749
    2966       1.8457
    2967       1.6181
    2968       1.6608
    2969       1.6490
    2970       1.5208
    2971       1.5904
    2972       1.6459
    2973       1.5229
    2974       1.6163
    2975       1.5925
    2976       1.6539
    2977       1.4788
    2978       1.5837
    2979       1.5490
    2980       1.6203
    2981       1.6399
    2982       1.6852
    2983       1.6991
    2984       1.7613
    2985       1.7629
    2986       1.6176
    2987       1.7238
    2988       1.7445
    2989       1.8948
    2990       1.8630
    2991       1.7938
    2992       1.7195
    2993       1.7408
    2994       1.8031
    2995       1.7474
    2996       1.6990
    2997       1.7298
    2998       1.6995
    2999       1.7220
    3000       1.6979
