#Res        AtomicFlx
   1.000       5.2903
   2.000       5.5604
   3.000       5.6549
   4.000       4.8362
   5.000       4.3643
   6.000       4.1822
   7.000       3.1309
   8.000       2.8548
   9.000       2.4596
  10.000       2.3323
  11.000       1.7431
  12.000       2.1082
  13.000       1.5960
  14.000       2.1953
  15.000       1.9175
  16.000       2.5520
  17.000       2.5460
  18.000       2.9759
  19.000       3.0205
  20.000       3.5658
  21.000       3.6005
  22.000       3.7526
  23.000       3.4921
  24.000       2.6499
  25.000       2.4421
  26.000       1.9463
  27.000       1.9464
  28.000       1.6474
  29.000       2.1099
  30.000       1.7699
  31.000       2.2634
  32.000       2.0989
  33.000       2.6577
  34.000       2.5668
  35.000       3.0465
  36.000       3.5122
  37.000       2.2899
  38.000       2.4375
  39.000       1.7778
  40.000       1.8797
  41.000       1.4368
  42.000       2.0625
  43.000       1.4426
  44.000       2.2959
  45.000       2.4349
  46.000       2.7066
  47.000       2.9586
  48.000       2.9893
  49.000       3.5615
  50.000       2.7253
  51.000       2.9919
  52.000       2.5610
  53.000       2.4089
  54.000       1.8868
  55.000       1.8751
  56.000       1.8825
  57.000       1.5204
  58.000       1.1449
  59.000       0.9009
  60.000       0.9248
  61.000       0.8488
  62.000       0.4169
  63.000       1.1945
  64.000       1.1645
  65.000       1.8654
  66.000       2.1487
  67.000       2.2579
  68.000       3.1734
  69.000       2.6261
  70.000       3.0709
  71.000       3.9342
  72.000       3.5408
  73.000       3.0003
  74.000       3.5975
  75.000       3.4206
  76.000       2.9255
  77.000       2.5032
  78.000       2.1449
  79.000       1.7926
  80.000       2.5217
  81.000       2.8072
  82.000       2.5668
  83.000       2.4873
  84.000       2.9020
  85.000       3.1847
  86.000       2.4068
  87.000       1.7494
  88.000       2.2279
  89.000       1.6260
  90.000       2.1519
  91.000       1.3635
  92.000       1.9223
  93.000       1.9257
  94.000       2.4028
  95.000       2.4193
  96.000       3.1156
  97.000       3.5000
  98.000       3.2329
  99.000       2.8754
 100.000       2.6911
 101.000       2.2777
 102.000       2.6252
 103.000       1.7603
 104.000       2.8641
 105.000       1.7548
 106.000       2.3219
 107.000       1.8582
 108.000       2.6304
 109.000       2.8391
 110.000       3.3579
 111.000       3.3749
 112.000       3.2350
 113.000       2.5438
 114.000       2.1412
 115.000       2.2664
 116.000       1.7463
 117.000       2.5732
 118.000       1.6498
 119.000       2.6076
 120.000       2.1611
 121.000       2.8937
 122.000       2.7902
 123.000       3.3120
 124.000       3.7047
 125.000       3.1235
 126.000       4.1546
 127.000       4.6075
 128.000       4.7060
 129.000       3.7878
 130.000       3.4523
 131.000       2.9822
 132.000       3.6392
 133.000       3.8113
 134.000       3.4553
 135.000       3.9049
 136.000       2.9912
 137.000       3.5947
 138.000       2.4735
 139.000       2.9481
 140.000       2.8503
 141.000       1.9034
 142.000       1.9212
 143.000       1.8440
 144.000       2.0044
 145.000       1.9054
 146.000       2.3473
 147.000       1.9077
 148.000       2.1411
 149.000       2.3849
 150.000       2.6300
 151.000       3.9722
 152.000       4.8665
 153.000       5.6867
 154.000       3.6829
 155.000       2.3865
 156.000       1.9675
 157.000       2.2475
 158.000       1.5724
 159.000       2.1401
 160.000       1.8060
 161.000       2.2672
 162.000       2.1200
 163.000       3.0011
 164.000       2.7319
 165.000       3.1760
 166.000       3.5162
 167.000       4.2845
 168.000       4.6212
 169.000       4.1055
 170.000       3.7716
 171.000       3.3077
 172.000       2.8233
 173.000       2.7346
 174.000       2.1314
 175.000       2.1298
 176.000       1.5279
 177.000       1.8745
 178.000       1.2982
 179.000       2.1681
 180.000       1.7069
 181.000       2.3773
 182.000       2.6085
 183.000       2.9050
 184.000       3.0507
 185.000       4.0277
 186.000       3.5599
 187.000       3.7796
 188.000       3.1158
 189.000       3.1725
 190.000       2.9743
 191.000       2.5309
 192.000       3.0599
 193.000       2.8579
 194.000       2.6615
 195.000       2.5043
 196.000       2.1536
 197.000       2.0373
 198.000       1.6500
 199.000       2.1968
 200.000       1.6455
 201.000       1.7713
 202.000       1.8624
 203.000       2.0675
 204.000       2.6986
 205.000       2.7849
 206.000       3.3596
 207.000       3.5754
 208.000       3.0451
 209.000       4.0164
 210.000       3.0179
 211.000       2.6655
 212.000       2.1964
 213.000       1.6459
 214.000       1.7680
 215.000       1.5046
 216.000       2.0240
 217.000       1.6117
 218.000       2.5815
 219.000       1.9321
 220.000       2.3602
 221.000       2.4935
 222.000       2.5532
 223.000       3.4918
 224.000       4.8265
 225.000       6.0639
