#Frame     RMSD_00003
       1       0.0000
       2       0.2843
       3       0.5695
       4       0.5411
       5       0.5685
       6       0.5955
       7       0.6302
       8       0.2760
       9       0.3326
      10       0.2399
      11       0.4912
      12       0.2739
      13       0.2690
      14       0.3695
      15       0.5016
      16       0.2573
      17       0.5845
      18       0.5420
      19       0.5996
      20       0.5168
      21       0.5843
      22       0.5607
      23       0.5610
      24       0.5822
      25       0.5734
      26       0.4525
      27       0.3186
      28       0.6032
      29       0.2785
      30       0.5971
      31       0.2654
      32       0.5270
      33       0.5836
      34       0.5134
      35       0.2854
      36       0.2848
      37       0.5753
      38       0.6083
      39       0.5510
      40       0.5537
      41       0.5322
      42       0.4802
      43       0.4770
      44       0.5355
      45       0.5214
      46       0.5490
      47       0.5823
      48       0.4138
      49       0.3406
      50       0.5558
      51       0.3638
      52       0.5422
      53       0.6047
      54       0.2730
      55       0.5442
      56       0.3153
      57       0.4802
      58       0.5129
      59       0.2146
      60       0.2948
      61       0.6466
      62       0.5103
      63       0.5250
      64       0.4918
      65       0.5308
      66       0.5864
      67       0.5979
      68       0.5219
      69       0.4876
      70       0.2463
      71       0.3404
      72       0.3309
      73       0.2913
      74       0.5524
      75       0.4926
      76       0.5375
      77       0.6138
      78       0.2407
      79       0.2295
      80       0.2591
      81       0.2720
      82       0.2270
      83       0.5352
      84       0.2764
      85       0.5492
      86       0.5673
      87       0.2949
      88       0.4679
      89       0.5854
      90       0.5505
      91       0.5502
      92       0.5443
      93       0.2134
      94       0.2248
      95       0.3043
      96       0.6190
      97       0.6475
      98       0.5959
      99       0.2546
     100       0.2340
     101       0.5838
     102       0.5230
     103       0.2428
     104       0.5008
     105       0.5398
     106       0.5455
     107       0.5395
     108       0.3260
     109       0.2291
     110       0.5984
     111       0.2664
     112       0.2081
     113       0.2508
     114       0.4977
     115       0.5728
     116       0.5822
     117       0.5890
     118       0.4914
     119       0.5140
     120       0.3180
     121       0.3426
     122       0.5973
     123       0.5685
     124       0.6353
     125       0.5635
     126       0.5692
     127       0.3267
     128       0.4948
     129       0.6087
     130       0.2709
     131       0.5753
     132       0.3298
     133       0.6020
     134       0.4820
     135       0.6582
     136       0.5338
     137       0.2057
     138       0.4981
     139       0.6026
     140       0.2338
     141       0.4974
     142       0.2894
     143       0.2979
     144       0.5760
     145       0.5657
     146       0.5589
     147       0.2445
     148       0.2249
     149       0.5046
     150       0.5434
     151       0.5098
     152       0.2935
     153       0.5678
     154       0.5393
     155       0.5580
     156       0.5142
     157       0.5683
     158       0.5745
     159       0.5758
     160       0.5879
     161       0.2840
     162       0.2716
     163       0.6166
     164       0.6044
     165       0.5354
     166       0.3059
     167       0.3338
     168       0.5142
     169       0.4913
     170       0.6190
     171       0.5864
     172       0.6539
     173       0.3147
     174       0.2575
     175       0.3412
     176       0.5890
     177       0.5884
     178       0.5537
     179       0.5731
     180       0.6405
     181       0.5866
     182       0.6187
     183       0.5809
     184       0.5765
     185       0.6097
     186       0.5001
     187       0.5260
     188       0.5612
     189       0.4009
     190       0.6041
     191       0.6194
     192       0.6213
     193       0.6550
     194       0.6192
     195       0.5814
     196       0.5981
     197       0.3791
     198       0.5586
     199       0.5546
     200       0.6122
     201       0.4836
     202       0.5584
     203       0.5735
     204       0.5761
     205       0.6156
     206       0.5430
     207       0.5185
     208       0.6469
     209       0.5378
     210       0.5872
     211       0.5595
     212       0.6137
     213       0.6312
     214       0.5992
     215       0.5962
     216       0.5874
     217       0.5843
     218       0.5700
     219       0.3318
     220       0.3626
     221       0.3514
     222       0.2847
     223       0.3815
     224       0.4043
     225       0.2749
     226       0.6296
     227       0.5343
     228       0.5601
     229       0.5474
     230       0.5741
     231       0.5592
     232       0.5494
     233       0.2500
     234       0.3516
     235       0.6484
     236       0.5368
     237       0.5853
     238       0.5240
     239       0.4670
     240       0.5590
     241       0.6407
     242       0.5562
     243       0.2630
     244       0.3830
     245       0.5536
     246       0.6039
     247       0.6064
     248       0.6265
     249       0.6564
     250       0.5830
     251       0.5902
     252       0.5972
     253       0.5983
     254       0.5912
     255       0.3726
     256       0.3700
     257       0.3440
     258       0.2943
     259       0.2989
     260       0.3219
     261       0.6238
     262       0.3672
     263       0.3192
     264       0.3094
     265       0.5525
     266       0.3485
     267       0.3072
     268       0.4902
     269       0.3128
     270       0.2227
     271       0.3257
     272       0.3161
     273       0.6208
     274       0.5744
     275       0.6231
     276       0.3247
     277       0.5635
     278       0.5544
     279       0.5721
     280       0.5709
     281       0.5324
     282       0.5097
     283       0.5532
     284       0.6051
     285       0.5486
     286       0.6030
     287       0.5802
     288       0.3200
     289       0.4163
     290       0.3361
     291       0.4848
     292       0.5387
     293       0.5114
     294       0.6315
     295       0.6154
     296       0.5761
     297       0.5711
     298       0.6632
     299       0.4319
     300       0.2867
     301       0.6626
     302       0.5714
     303       0.4793
     304       0.6024
     305       0.3255
     306       0.3346
     307       0.5431
     308       0.5094
     309       0.6742
     310       0.4864
     311       0.5255
     312       0.2457
     313       0.3794
     314       0.3779
     315       0.5393
     316       0.5327
     317       0.2948
     318       0.5132
     319       0.3427
     320       0.6562
     321       0.6779
     322       0.3801
     323       0.5086
     324       0.4244
     325       0.4900
     326       0.5808
     327       0.5836
     328       0.5410
     329       0.6803
     330       0.5543
     331       0.6184
     332       0.4580
     333       0.6447
     334       0.7028
     335       0.6865
     336       0.4283
     337       0.3779
     338       0.6373
     339       0.6323
     340       0.6675
     341       0.6849
     342       0.5995
     343       0.6615
     344       0.7417
     345       0.4303
     346       0.6003
     347       0.5329
     348       0.3832
     349       0.6623
     350       0.6277
     351       0.6456
     352       0.3648
     353       0.6042
     354       0.3028
     355       0.5998
     356       0.6476
     357       0.4770
     358       0.2863
     359       0.6082
     360       0.6086
     361       0.6778
     362       0.5470
     363       0.7133
     364       0.7065
     365       0.6733
     366       0.7710
     367       0.6407
     368       0.5101
     369       0.4487
     370       0.4554
     371       0.3535
     372       0.4008
     373       0.7566
     374       0.4196
     375       0.5497
     376       0.6378
     377       0.5164
     378       0.6084
     379       0.3699
     380       0.6696
     381       0.4126
     382       0.4220
     383       0.4401
     384       0.3741
     385       0.3019
     386       0.3801
     387       0.4128
     388       0.6577
     389       0.6301
     390       0.6198
     391       0.5988
     392       0.4956
     393       0.3914
     394       0.5464
     395       0.6061
     396       0.5755
     397       0.5510
     398       0.6090
     399       0.6018
     400       0.6035
     401       0.6006
     402       0.6996
     403       0.6472
     404       0.6380
     405       0.6277
     406       0.5748
     407       0.4325
     408       0.4134
     409       0.6794
     410       0.5692
     411       0.5598
     412       0.5959
     413       0.7426
     414       0.5210
     415       0.6001
     416       0.5670
     417       0.6481
     418       0.5580
     419       0.6581
     420       0.5732
     421       0.7198
     422       0.4503
     423       0.3608
     424       0.5810
     425       0.4132
     426       0.4470
     427       0.5934
     428       0.7187
     429       0.5930
     430       0.4200
     431       0.4297
     432       0.6236
     433       0.4842
     434       0.7143
     435       0.6999
     436       0.7196
     437       0.6298
     438       0.5358
     439       0.7203
     440       0.4826
     441       0.7853
     442       0.6986
     443       0.6639
     444       0.5619
     445       0.5796
     446       0.5109
     447       0.4880
     448       0.5104
     449       0.7278
     450       0.4831
     451       0.4850
     452       0.3256
     453       0.2935
     454       0.8726
     455       0.6853
     456       0.5233
     457       0.7705
     458       0.4637
     459       0.3993
     460       0.4570
     461       0.6124
     462       0.7357
     463       0.6482
     464       0.6847
     465       0.5778
     466       0.6279
     467       0.7542
     468       0.5020
     469       0.3539
     470       0.6181
     471       0.6321
     472       0.4308
     473       0.5823
     474       0.3726
     475       0.6156
     476       0.6743
     477       0.6627
     478       0.6455
     479       0.6694
     480       0.6623
     481       0.6929
     482       0.5778
     483       0.6650
     484       0.5537
     485       0.7438
     486       0.6430
     487       0.6578
     488       0.6693
     489       0.7232
     490       0.6299
     491       0.5804
     492       0.6047
     493       0.6276
     494       0.4111
     495       0.4942
     496       0.4677
     497       0.6677
     498       0.6345
     499       0.5932
     500       0.7187
     501       0.6585
     502       0.4855
     503       0.6440
     504       0.6284
     505       0.8095
     506       0.3960
     507       0.4898
     508       0.6179
     509       0.6234
     510       0.6136
     511       0.6610
     512       0.5940
     513       0.6549
     514       0.7077
     515       0.6769
     516       0.7029
     517       0.4848
     518       0.4613
     519       0.5885
     520       0.6212
     521       0.6364
     522       0.4529
     523       0.6576
     524       0.4961
     525       0.6290
     526       0.7204
     527       0.6601
     528       0.4382
     529       0.6305
     530       0.6854
     531       0.6697
     532       0.6921
     533       0.5918
     534       0.7353
     535       0.4699
     536       0.6861
     537       0.6919
     538       0.7018
     539       0.6518
     540       0.4297
     541       0.5693
     542       0.6601
     543       0.4383
     544       0.5156
     545       0.7402
     546       0.6564
     547       0.6654
     548       0.5889
     549       0.5686
     550       0.7793
     551       0.6913
     552       0.6941
     553       0.6292
     554       0.6343
     555       0.6444
     556       0.5588
     557       0.3886
     558       0.4430
     559       0.3631
     560       0.7124
     561       0.5009
     562       0.6920
     563       0.6051
     564       0.5944
     565       0.6603
     566       0.6157
     567       0.5280
     568       0.5582
     569       0.6960
     570       0.6398
     571       0.6260
     572       0.6261
     573       0.5023
     574       0.6430
     575       0.7138
     576       0.6840
     577       0.6492
     578       0.7232
     579       0.6560
     580       0.6579
     581       0.5946
     582       0.6778
     583       0.5488
     584       0.6422
     585       0.5906
     586       0.4320
     587       0.5585
     588       0.5170
     589       0.5234
     590       0.6573
     591       0.7047
     592       0.6846
     593       0.7399
     594       0.6518
     595       0.3421
     596       0.7383
     597       0.6331
     598       0.4566
     599       0.6897
     600       0.6191
     601       0.6790
     602       0.6609
     603       0.7042
     604       0.6936
     605       0.6018
     606       0.7354
     607       0.6973
     608       0.6445
     609       0.4877
     610       0.4942
     611       0.4287
     612       0.5754
     613       0.6318
     614       0.7029
     615       0.6314
     616       0.5193
     617       0.4626
     618       0.5213
     619       0.7172
     620       0.4498
     621       0.6970
     622       0.4610
     623       0.5984
     624       0.4928
     625       0.3658
     626       0.6436
     627       0.7729
     628       0.5774
     629       0.5834
     630       0.7181
     631       0.4178
     632       0.4941
     633       0.6923
     634       0.6151
     635       0.4992
     636       0.4330
     637       0.4060
     638       0.4317
     639       0.6300
     640       0.5737
     641       0.5713
     642       0.5768
     643       0.6284
     644       0.6170
     645       0.5754
     646       0.6441
     647       0.6071
     648       0.4837
     649       0.4203
     650       0.3651
     651       0.4352
     652       0.4243
     653       0.3716
     654       0.4143
     655       0.6418
     656       0.5824
     657       0.5239
     658       0.5441
     659       0.5619
     660       0.6160
     661       0.6316
     662       0.6945
     663       0.6079
     664       0.6174
     665       0.6807
     666       0.4486
     667       0.6427
     668       0.3448
     669       0.6729
     670       0.4552
     671       0.3978
     672       0.6222
     673       0.3724
     674       0.6714
     675       0.6572
     676       0.5819
     677       0.5412
     678       0.6850
     679       0.6160
     680       0.4527
     681       0.6520
     682       0.5822
     683       0.4660
     684       0.6427
     685       0.6529
     686       0.7525
     687       0.7010
     688       0.7140
     689       0.6108
     690       0.7655
     691       0.6829
     692       0.6220
     693       0.4850
     694       0.7615
     695       0.4615
     696       0.5485
     697       0.7139
     698       0.6890
     699       0.4341
     700       0.4897
     701       0.7103
     702       0.6675
     703       0.6717
     704       0.6935
     705       0.6663
     706       0.6747
     707       0.7006
     708       0.6560
     709       0.4351
     710       0.7101
     711       0.6683
     712       0.4371
     713       0.5711
     714       0.6167
     715       0.6761
     716       0.4803
     717       0.7320
     718       0.6373
     719       0.6165
     720       0.5862
     721       0.6619
     722       0.4429
     723       0.4913
     724       0.6525
     725       0.6751
     726       0.6545
     727       0.4456
     728       0.4708
     729       0.6457
     730       0.5268
     731       0.7910
     732       0.6498
     733       0.6996
     734       0.7101
     735       0.6659
     736       0.6591
     737       0.7739
     738       0.6199
     739       0.7124
     740       0.7130
     741       0.4136
     742       0.6917
     743       0.6732
     744       0.6281
     745       0.6514
     746       0.5894
     747       0.4076
     748       0.6697
     749       0.6913
     750       0.7470
     751       0.6278
     752       0.5892
     753       0.3906
     754       0.4663
     755       0.5383
     756       0.6469
     757       0.6947
     758       0.6725
     759       0.7255
     760       0.3910
     761       0.5265
     762       0.7905
     763       0.3719
     764       0.7119
     765       0.3526
     766       0.6462
     767       0.6513
     768       0.6467
     769       0.4026
     770       0.6242
     771       1.2600
     772       1.1131
     773       1.1395
     774       1.1124
     775       1.1756
     776       1.1865
     777       1.3218
     778       1.2275
     779       1.2799
     780       1.3210
     781       1.3170
     782       1.2856
     783       1.3196
     784       1.2805
     785       1.2479
     786       1.3087
     787       1.2956
     788       1.2438
     789       1.2423
     790       1.2881
     791       1.2876
     792       1.2833
     793       1.3016
     794       1.2690
     795       1.2460
     796       1.3441
     797       1.3353
     798       1.3235
     799       1.2455
     800       1.2889
     801       1.2715
     802       1.2453
     803       1.2783
     804       1.2850
     805       1.2726
     806       1.3284
     807       1.2862
     808       1.3043
     809       1.3161
     810       1.2624
     811       1.3174
     812       1.2521
     813       1.3556
     814       1.2359
     815       1.2671
     816       1.2749
     817       1.2451
     818       1.2086
     819       1.3366
     820       1.2994
     821       1.3564
     822       1.3243
     823       1.3712
     824       1.2891
     825       1.2583
     826       1.3123
     827       1.2982
     828       1.1957
     829       1.2954
     830       1.3728
     831       1.2677
     832       1.3193
     833       1.1649
     834       1.1804
     835       1.0758
     836       1.0557
     837       1.1015
     838       1.2510
     839       1.1327
     840       1.1848
     841       1.2333
     842       1.1633
     843       1.0944
     844       1.1359
     845       1.2303
     846       1.1985
     847       1.2336
     848       1.2565
     849       1.1231
     850       1.1804
     851       1.2782
     852       1.2261
     853       1.2160
     854       1.0920
     855       1.1713
     856       1.1309
     857       1.1744
     858       1.0915
     859       1.2110
     860       1.1864
     861       1.1027
     862       1.0679
     863       1.1595
     864       1.0523
     865       1.0564
     866       1.1656
     867       1.1264
     868       1.1443
     869       1.1312
     870       1.0531
     871       1.1009
     872       1.1191
     873       1.1261
     874       1.1892
     875       1.2927
     876       1.1148
     877       1.1940
     878       1.1734
     879       1.1777
     880       1.1323
     881       1.1778
     882       1.2033
     883       1.1951
     884       1.2016
     885       1.2249
     886       1.1576
     887       1.1676
     888       1.2221
     889       1.1978
     890       1.1598
     891       1.1228
     892       1.2260
     893       1.2489
     894       1.0797
     895       1.2200
     896       1.1182
     897       1.2255
     898       1.2041
     899       1.1683
     900       1.1464
     901       1.1178
     902       1.1730
     903       1.1773
     904       1.0061
     905       1.2221
     906       1.1078
     907       1.2010
     908       1.0290
     909       1.0916
     910       1.0824
     911       1.1760
     912       1.2438
     913       1.2098
     914       1.1901
     915       1.0974
     916       1.0885
     917       1.0963
     918       1.1713
     919       1.1063
     920       1.2453
     921       1.1280
     922       1.1252
     923       1.2104
     924       1.1811
     925       1.1031
     926       1.0283
     927       1.2050
     928       1.1383
     929       1.1957
     930       1.2094
     931       1.1954
     932       1.1444
     933       1.1580
     934       1.3002
     935       1.1803
     936       1.0610
     937       1.1921
     938       1.3020
     939       1.2497
     940       1.2756
     941       1.1490
     942       1.0750
     943       1.1856
     944       1.2347
     945       1.1525
     946       1.2727
     947       1.1880
     948       1.1956
     949       1.0836
     950       1.3066
     951       1.2143
     952       1.1907
     953       1.0916
     954       1.2484
     955       1.0820
     956       1.1789
     957       1.1774
     958       1.1678
     959       1.2759
     960       1.2002
     961       1.1294
     962       1.2516
     963       1.1243
     964       1.1836
     965       1.1329
     966       1.1933
     967       1.2140
     968       1.2104
     969       1.1743
     970       1.2074
     971       1.2515
     972       1.2013
     973       1.0662
     974       1.1928
     975       1.1501
     976       1.0776
     977       1.2121
     978       1.1681
     979       1.2006
     980       1.1657
     981       1.0539
     982       1.1698
     983       1.1392
     984       1.2100
     985       1.2066
     986       1.1857
     987       1.2248
     988       1.2338
     989       1.2555
     990       1.2518
     991       1.1895
     992       1.1235
     993       1.1198
     994       1.1671
     995       1.1205
     996       1.2326
     997       1.2747
     998       1.2529
     999       1.1141
    1000       1.1398
    1001       1.1099
    1002       1.1055
    1003       1.1841
    1004       1.2281
    1005       1.0702
    1006       1.1185
    1007       1.1118
    1008       1.1407
    1009       1.1057
    1010       1.2403
    1011       1.0843
    1012       1.1052
    1013       1.1849
    1014       1.1409
    1015       1.2136
    1016       1.2083
    1017       1.1975
    1018       1.0718
    1019       1.0737
    1020       1.2381
    1021       1.2099
    1022       1.1177
    1023       1.1174
    1024       1.2825
    1025       1.2456
    1026       1.2027
    1027       1.1334
    1028       1.0910
    1029       1.1357
    1030       1.3591
    1031       1.2817
    1032       1.2763
    1033       1.3032
    1034       1.1648
    1035       1.2577
    1036       1.1634
    1037       1.1506
    1038       1.0660
    1039       1.1390
    1040       1.2883
    1041       1.1946
    1042       1.0618
    1043       1.0515
    1044       1.1250
    1045       1.1655
    1046       0.9999
    1047       1.0779
    1048       1.1358
    1049       1.1354
    1050       1.1971
    1051       1.1176
    1052       1.3321
    1053       1.3041
    1054       1.2953
    1055       1.2290
    1056       1.3101
    1057       1.3091
    1058       1.3168
    1059       1.2979
    1060       1.3146
    1061       1.2616
    1062       1.3002
    1063       1.3174
    1064       1.1559
    1065       1.3414
    1066       1.2972
    1067       1.1591
    1068       1.1565
    1069       1.2482
    1070       1.1095
    1071       1.1575
    1072       1.1490
    1073       1.0847
    1074       1.1058
    1075       1.2415
    1076       1.1811
    1077       1.2219
    1078       1.1588
    1079       1.1662
    1080       1.1410
    1081       1.2219
    1082       1.1949
    1083       1.0341
    1084       1.0837
    1085       1.1628
    1086       1.0609
    1087       1.1022
    1088       1.1609
    1089       1.2179
    1090       1.1802
    1091       1.1722
    1092       1.1669
    1093       1.2227
    1094       1.2776
    1095       1.1449
    1096       1.1970
    1097       1.1204
    1098       1.1140
    1099       1.2134
    1100       1.1847
    1101       1.1973
    1102       1.0298
    1103       1.0665
    1104       1.1676
    1105       1.2027
    1106       1.0396
    1107       1.0182
    1108       1.1253
    1109       1.1973
    1110       1.0969
    1111       1.1628
    1112       1.0938
    1113       1.1224
    1114       1.2276
    1115       1.2534
    1116       1.1811
    1117       1.2311
    1118       1.1992
    1119       1.2234
    1120       1.1349
    1121       1.1214
    1122       1.2726
    1123       1.0699
    1124       1.1179
    1125       1.1200
    1126       1.1544
    1127       1.1248
    1128       1.1156
    1129       1.1623
    1130       1.0615
    1131       1.2001
    1132       1.1780
    1133       1.0482
    1134       1.1154
    1135       1.1168
    1136       1.2139
    1137       1.1385
    1138       1.1733
    1139       1.0520
    1140       1.2403
    1141       1.2646
    1142       1.1942
    1143       1.1604
    1144       1.1883
    1145       1.1540
    1146       1.1501
    1147       1.1453
    1148       1.1962
    1149       1.0581
    1150       1.1493
    1151       1.1717
    1152       1.1607
    1153       1.1026
    1154       1.1237
    1155       1.0222
    1156       1.1487
    1157       1.0554
    1158       1.1504
    1159       1.1037
    1160       1.1750
    1161       1.2206
    1162       1.1677
    1163       1.1872
    1164       1.1524
    1165       1.0745
    1166       1.1713
    1167       1.1884
    1168       1.1862
    1169       1.1223
    1170       1.1314
    1171       1.1955
    1172       1.1747
    1173       1.1974
    1174       1.1130
    1175       1.0477
    1176       1.0586
    1177       1.2014
    1178       1.1588
    1179       1.1235
    1180       1.1368
    1181       1.1193
    1182       1.1815
    1183       1.1204
    1184       1.0838
    1185       1.0525
    1186       1.1557
    1187       1.0924
    1188       1.2038
    1189       1.1011
    1190       1.0813
    1191       1.1823
    1192       1.1639
    1193       1.1642
    1194       1.2247
    1195       1.0757
    1196       1.0585
    1197       1.1447
    1198       1.1473
    1199       1.0311
    1200       1.0740
    1201       1.0806
    1202       1.1340
    1203       1.0864
    1204       1.2674
    1205       1.2251
    1206       1.0534
    1207       1.0938
    1208       1.2150
    1209       1.1581
    1210       1.2090
    1211       1.0435
    1212       1.1612
    1213       1.0409
    1214       1.2282
    1215       1.2269
    1216       1.1872
    1217       1.1969
    1218       1.0875
    1219       1.1315
    1220       1.1021
    1221       1.1604
    1222       1.1249
    1223       1.2232
    1224       1.3115
    1225       1.1401
    1226       1.1005
    1227       1.1071
    1228       1.1353
    1229       1.1097
    1230       1.1256
    1231       1.0919
    1232       1.1672
    1233       1.0573
    1234       1.1855
    1235       1.2893
    1236       1.2141
    1237       1.2421
    1238       1.1231
    1239       1.2090
    1240       1.1770
    1241       1.1476
    1242       1.1611
    1243       1.1684
    1244       1.0269
    1245       1.2392
    1246       1.2149
    1247       1.2644
    1248       1.1165
    1249       1.0632
    1250       1.1601
    1251       1.0955
    1252       1.1124
    1253       1.2619
    1254       1.0349
    1255       1.0641
    1256       1.1887
    1257       1.1352
    1258       1.1488
    1259       1.1479
    1260       1.1654
    1261       1.2242
    1262       1.1422
    1263       1.1708
    1264       1.1942
    1265       1.2240
    1266       1.2333
    1267       1.1407
    1268       1.1455
    1269       1.1366
    1270       1.1779
    1271       1.1678
    1272       1.1431
    1273       1.1399
    1274       1.1455
    1275       1.1580
    1276       1.1584
    1277       1.0161
    1278       1.0843
    1279       1.1278
    1280       1.0792
    1281       1.1108
    1282       1.1691
    1283       1.1310
    1284       1.2154
    1285       1.1106
    1286       1.1295
    1287       1.1061
    1288       1.1371
    1289       1.1092
    1290       1.1759
    1291       1.1411
    1292       1.1640
    1293       1.2508
    1294       1.0906
    1295       1.2127
    1296       1.1420
    1297       1.0538
    1298       1.1604
    1299       1.2267
    1300       1.1914
    1301       1.1755
    1302       1.1935
    1303       1.2420
    1304       1.1458
    1305       1.1668
    1306       1.2910
    1307       1.1904
    1308       1.2687
    1309       1.1099
    1310       1.1333
    1311       1.1883
    1312       1.1606
    1313       1.0735
    1314       1.2049
    1315       1.1786
    1316       1.1983
    1317       1.0617
    1318       1.1202
    1319       1.1593
    1320       1.2202
    1321       1.2147
    1322       1.1137
    1323       1.1257
    1324       1.1017
    1325       1.1131
    1326       1.1413
    1327       1.2608
    1328       1.1306
    1329       1.1341
    1330       1.0743
    1331       1.2143
    1332       1.1977
    1333       1.2005
    1334       1.1915
    1335       1.2078
    1336       1.1197
    1337       1.0983
    1338       1.1989
    1339       1.2268
    1340       1.2624
    1341       1.1001
    1342       1.1399
    1343       1.2290
    1344       1.1065
    1345       1.2082
    1346       1.1642
    1347       1.1240
    1348       1.2048
    1349       1.1743
    1350       1.1683
    1351       1.1208
    1352       1.2158
    1353       1.1866
    1354       1.1947
    1355       1.1692
    1356       1.1464
    1357       1.1081
    1358       1.0943
    1359       1.1262
    1360       1.1614
    1361       1.1242
    1362       1.1455
    1363       1.1803
    1364       1.2204
    1365       1.1534
    1366       1.1806
    1367       1.1176
    1368       1.1025
    1369       1.1448
    1370       1.1345
    1371       1.1837
    1372       1.1691
    1373       1.1343
    1374       1.1961
    1375       1.2334
    1376       1.1854
    1377       1.0771
    1378       1.0598
    1379       1.2007
    1380       1.1610
    1381       1.0566
    1382       1.2041
    1383       1.1502
    1384       1.1037
    1385       1.1942
    1386       1.1913
    1387       1.0860
    1388       1.0796
    1389       1.2613
    1390       1.1212
    1391       1.1571
    1392       1.1040
    1393       1.0217
    1394       1.0977
    1395       1.1377
    1396       1.1687
    1397       1.2359
    1398       1.0011
    1399       1.0907
    1400       1.1655
    1401       1.1813
    1402       1.0336
    1403       1.2271
    1404       1.0207
    1405       1.2069
    1406       1.1982
    1407       1.2998
    1408       1.0864
    1409       1.1511
    1410       1.2126
    1411       1.1613
    1412       1.1844
    1413       1.1414
    1414       1.2563
    1415       1.1815
    1416       1.2977
    1417       1.2211
    1418       1.1915
    1419       1.2519
    1420       1.1830
    1421       1.1960
    1422       1.0659
    1423       1.1016
    1424       1.2588
    1425       1.1381
    1426       1.1291
    1427       1.2384
    1428       1.2527
    1429       1.2236
    1430       1.2521
    1431       1.2270
    1432       1.1319
    1433       1.1129
    1434       1.2174
    1435       1.0764
    1436       1.2478
    1437       1.2519
    1438       1.1662
    1439       1.2242
    1440       1.2632
    1441       1.0496
    1442       1.1763
    1443       1.2439
    1444       1.1194
    1445       1.2510
    1446       1.0638
    1447       1.2141
    1448       1.1550
    1449       1.2341
    1450       1.2305
    1451       1.2875
    1452       1.2178
    1453       1.1244
    1454       1.1544
    1455       1.1059
    1456       1.1483
    1457       1.1183
    1458       1.2594
    1459       1.2801
    1460       1.2069
    1461       1.1473
    1462       1.1985
    1463       1.2417
    1464       1.1886
    1465       1.2148
    1466       1.1898
    1467       1.0992
    1468       1.1541
    1469       1.0944
    1470       1.0918
    1471       1.1152
    1472       1.1052
    1473       1.1565
    1474       1.2060
    1475       1.1502
    1476       1.1913
    1477       1.2946
    1478       1.2248
    1479       1.2199
    1480       1.1441
    1481       1.2464
    1482       1.2058
    1483       1.2453
    1484       1.1149
    1485       1.1096
    1486       1.2341
    1487       1.2047
    1488       1.1492
    1489       1.2031
    1490       1.3274
    1491       1.1707
    1492       1.1678
    1493       1.1549
    1494       1.1435
    1495       1.3012
    1496       1.1243
    1497       1.1671
    1498       1.2622
    1499       1.2229
    1500       1.2510
    1501       1.3519
    1502       1.2628
    1503       1.3300
    1504       1.1055
    1505       1.2779
    1506       1.1405
    1507       1.2489
    1508       1.2714
    1509       1.4481
    1510       1.1847
    1511       1.2494
    1512       1.3078
    1513       1.1613
    1514       1.1645
    1515       1.1705
    1516       1.2088
    1517       1.2307
    1518       1.2639
    1519       1.2317
    1520       1.3086
    1521       1.2162
    1522       1.3204
    1523       1.2688
    1524       1.1586
    1525       1.1541
    1526       1.1680
    1527       1.3760
    1528       1.3005
    1529       1.2645
    1530       1.2708
    1531       1.2436
    1532       1.3606
    1533       1.0753
    1534       1.1095
    1535       1.1330
    1536       1.2545
    1537       1.1888
    1538       1.0858
    1539       1.1943
    1540       1.1669
    1541       1.1843
    1542       1.2036
    1543       1.1275
    1544       1.1707
    1545       1.1795
    1546       1.1782
    1547       1.2543
    1548       1.1775
    1549       1.2021
    1550       1.1500
    1551       1.1449
    1552       1.1101
    1553       1.1752
    1554       1.2302
    1555       1.1473
    1556       1.2052
    1557       1.1147
    1558       1.2295
    1559       1.1099
    1560       1.2191
    1561       1.1896
    1562       1.1603
    1563       1.1289
    1564       1.1921
    1565       1.1407
    1566       1.2134
    1567       1.3690
    1568       1.3307
    1569       1.4334
    1570       1.3534
    1571       1.3796
    1572       1.2884
    1573       1.3032
    1574       1.4107
    1575       1.3494
    1576       1.3228
    1577       1.3953
    1578       1.3629
    1579       1.3713
    1580       1.3114
    1581       1.2898
    1582       1.2359
    1583       1.3480
    1584       1.3246
    1585       1.3054
    1586       1.3650
    1587       1.3474
    1588       1.2892
    1589       1.2807
    1590       1.2879
    1591       1.3558
    1592       1.3332
    1593       1.3332
    1594       1.2974
    1595       1.3688
    1596       1.3453
    1597       1.2488
    1598       1.2434
    1599       1.3084
    1600       1.3120
    1601       1.2966
    1602       1.2365
    1603       1.3219
    1604       1.3144
    1605       1.3509
    1606       1.3005
    1607       1.2922
    1608       1.3105
    1609       1.3510
    1610       1.2731
    1611       1.3744
    1612       1.3487
    1613       1.2497
    1614       1.3310
    1615       1.3068
    1616       1.3290
    1617       1.3748
    1618       1.3232
    1619       1.3479
    1620       1.3144
    1621       1.2615
    1622       1.2260
    1623       1.3507
    1624       1.2726
    1625       1.3555
    1626       1.2774
    1627       1.3505
    1628       1.2909
    1629       1.2871
    1630       1.4068
    1631       1.2829
    1632       1.3704
    1633       1.3426
    1634       1.3516
    1635       1.2716
    1636       1.2872
    1637       1.3367
    1638       1.3632
    1639       1.2708
    1640       1.3057
    1641       1.2945
    1642       1.2192
    1643       1.3660
    1644       1.3569
    1645       1.3322
    1646       1.2995
    1647       1.2666
    1648       1.4083
    1649       1.2683
    1650       1.2566
    1651       1.3370
    1652       1.2798
    1653       1.3003
    1654       1.3863
    1655       1.2518
    1656       1.4900
    1657       1.4123
    1658       1.3542
    1659       1.3829
    1660       1.3766
    1661       1.3708
    1662       1.3209
    1663       1.3687
    1664       1.2823
    1665       1.3652
    1666       1.2774
    1667       1.3829
    1668       1.3238
    1669       1.4418
    1670       1.3286
    1671       1.4106
    1672       1.3501
    1673       1.2897
    1674       1.3627
    1675       1.4688
    1676       1.3245
    1677       1.3626
    1678       1.3698
    1679       1.2203
    1680       1.3870
    1681       1.3881
    1682       1.3386
    1683       1.3476
    1684       1.3169
    1685       1.3444
    1686       1.2870
    1687       1.3595
    1688       1.3104
    1689       1.3410
    1690       1.2265
    1691       1.3592
    1692       1.2438
    1693       1.3457
    1694       1.3905
    1695       1.3701
    1696       1.2376
    1697       1.3622
    1698       1.4088
    1699       1.3502
    1700       1.3267
    1701       1.2848
    1702       1.3047
    1703       1.2358
    1704       1.3042
    1705       1.3168
    1706       1.3393
    1707       1.2824
    1708       1.3756
    1709       1.2900
    1710       1.3425
    1711       1.2834
    1712       1.2857
    1713       1.2331
    1714       1.2560
    1715       1.3174
    1716       1.3320
    1717       1.1986
    1718       1.2486
    1719       1.2563
    1720       1.2920
    1721       1.3604
    1722       1.3198
    1723       1.2183
    1724       1.2253
    1725       1.2321
    1726       1.2606
    1727       1.2689
    1728       1.3310
    1729       1.2501
    1730       1.1917
    1731       1.2670
    1732       1.2514
    1733       1.3207
    1734       1.2698
    1735       1.2552
    1736       1.2075
    1737       1.2313
    1738       1.2636
    1739       1.2714
    1740       1.2176
    1741       1.2595
    1742       1.2111
    1743       1.3333
    1744       1.2977
    1745       1.3175
    1746       1.2803
    1747       1.2704
    1748       1.3229
    1749       1.2651
    1750       1.2941
    1751       1.3129
    1752       1.2921
    1753       1.2432
    1754       1.2631
    1755       1.3305
    1756       1.2180
    1757       1.2599
    1758       1.2722
    1759       1.3353
    1760       1.2935
    1761       1.2521
    1762       1.4097
    1763       1.3600
    1764       1.2763
    1765       1.3593
    1766       1.3253
    1767       1.3253
    1768       1.3939
    1769       1.4425
    1770       1.2916
    1771       1.4656
    1772       1.2901
    1773       1.3625
    1774       1.3659
    1775       1.3495
    1776       1.3144
    1777       1.3993
    1778       1.2721
    1779       1.2718
    1780       1.2841
    1781       1.3628
    1782       1.2997
    1783       1.3971
    1784       1.3894
    1785       1.2908
    1786       1.4062
    1787       1.3799
    1788       1.3480
    1789       1.3659
    1790       1.2900
    1791       1.4205
    1792       1.3619
    1793       1.3242
    1794       1.3489
    1795       1.2879
    1796       1.3213
    1797       1.2721
    1798       1.3168
    1799       1.3341
    1800       1.2732
    1801       1.3813
    1802       1.3591
    1803       1.3158
    1804       1.2535
    1805       1.2999
    1806       1.2898
    1807       1.3515
    1808       1.3400
    1809       1.3510
    1810       1.3035
    1811       1.2927
    1812       1.3292
    1813       1.3598
    1814       1.3660
    1815       1.3345
    1816       1.3146
    1817       1.2786
    1818       1.2361
    1819       1.3440
    1820       1.4111
    1821       1.2832
    1822       1.2083
    1823       1.2974
    1824       1.2736
    1825       1.3028
    1826       1.2255
    1827       1.1921
    1828       1.3623
    1829       1.2727
    1830       1.3591
    1831       1.3469
    1832       1.3337
    1833       1.3097
    1834       1.2709
    1835       1.2701
    1836       1.3190
    1837       1.3631
    1838       1.3651
    1839       1.3015
    1840       1.3188
    1841       1.2651
    1842       1.3917
    1843       1.3317
    1844       1.2979
    1845       1.2705
    1846       1.2950
    1847       1.3238
    1848       1.2938
    1849       1.2772
    1850       1.2313
    1851       1.2632
    1852       1.3755
    1853       1.2731
    1854       1.2768
    1855       1.3028
    1856       1.3098
    1857       1.3891
    1858       1.3976
    1859       1.3351
    1860       1.2753
    1861       1.3770
    1862       1.3420
    1863       1.3543
    1864       1.3054
    1865       1.3813
    1866       1.4132
    1867       1.2375
    1868       1.3092
    1869       1.3317
    1870       1.3047
    1871       1.3784
    1872       1.3005
    1873       1.4161
    1874       1.3144
    1875       1.3126
    1876       1.3617
    1877       1.3530
    1878       1.4590
    1879       1.2963
    1880       1.2862
    1881       1.3387
    1882       1.3091
    1883       1.2770
    1884       1.3693
    1885       1.2764
    1886       1.3079
    1887       1.2482
    1888       1.3170
    1889       1.3958
    1890       1.3490
    1891       1.2275
    1892       1.3263
    1893       1.3278
    1894       1.2344
    1895       1.2469
    1896       1.2359
    1897       1.2939
    1898       1.2817
    1899       1.2437
    1900       1.2941
    1901       1.2768
    1902       1.2816
    1903       1.2685
    1904       1.2400
    1905       1.2706
    1906       1.3093
    1907       1.2797
    1908       1.2390
    1909       1.2537
    1910       1.2632
    1911       1.3293
    1912       1.2953
    1913       1.2151
    1914       1.2826
    1915       1.3585
    1916       1.2225
    1917       1.2464
    1918       1.2883
    1919       1.2571
    1920       1.2559
    1921       1.2562
    1922       1.2696
    1923       1.3531
    1924       1.2494
    1925       1.2856
    1926       1.2692
    1927       1.1794
    1928       1.2974
    1929       1.2414
    1930       1.2894
    1931       1.1981
    1932       1.2937
    1933       1.2266
    1934       1.2507
    1935       1.2394
    1936       1.4080
    1937       1.2414
    1938       1.2805
    1939       1.4578
    1940       1.2936
    1941       1.2444
    1942       1.2752
    1943       1.3412
    1944       1.3844
    1945       1.4042
    1946       1.3403
    1947       1.3222
    1948       1.4503
    1949       1.3160
    1950       1.2661
    1951       1.3843
    1952       1.2615
    1953       1.2190
    1954       1.2214
    1955       1.2374
    1956       1.2619
    1957       1.2301
    1958       1.3177
    1959       1.2960
    1960       1.2409
    1961       1.2676
    1962       1.3061
    1963       1.3047
    1964       1.2540
    1965       1.2983
    1966       1.3152
    1967       1.1749
    1968       1.3049
    1969       1.2806
    1970       1.2982
    1971       1.2595
    1972       1.2510
    1973       1.3774
    1974       1.1933
    1975       1.1413
    1976       1.2023
    1977       1.2491
    1978       1.2944
    1979       1.3416
    1980       1.1052
    1981       1.2614
    1982       1.1376
    1983       1.3270
    1984       1.1364
    1985       1.1381
    1986       1.1244
    1987       1.2583
    1988       1.2989
    1989       1.1621
    1990       1.1705
    1991       1.3359
    1992       1.2472
    1993       1.1977
    1994       1.2099
    1995       1.1566
    1996       1.2654
    1997       1.0961
    1998       1.1729
    1999       1.2287
    2000       1.2101
    2001       1.3130
    2002       1.2983
    2003       1.2207
    2004       1.2514
    2005       1.3420
    2006       1.1792
    2007       1.1569
    2008       1.1740
    2009       1.2073
    2010       1.1560
    2011       1.1346
    2012       1.2104
    2013       1.1767
    2014       1.2757
    2015       1.1508
    2016       1.3168
    2017       1.1196
    2018       1.0320
    2019       1.1474
    2020       1.0164
    2021       1.1919
    2022       1.1760
    2023       1.1520
    2024       1.2817
    2025       1.2354
    2026       1.3174
    2027       1.2523
    2028       1.2763
    2029       1.2637
    2030       1.2571
    2031       1.1831
    2032       1.1833
    2033       1.2326
    2034       1.3769
    2035       1.2912
    2036       1.1481
    2037       1.2618
    2038       1.1619
    2039       1.1518
    2040       1.0770
    2041       1.2233
    2042       1.2796
    2043       1.0937
    2044       1.1389
    2045       1.0937
    2046       1.0678
    2047       1.1573
    2048       1.1940
    2049       1.2641
    2050       1.1461
    2051       1.0843
    2052       1.2710
    2053       1.1460
    2054       1.1596
    2055       1.1079
    2056       1.1540
    2057       1.1165
    2058       1.3063
    2059       1.1930
    2060       1.1342
    2061       1.1730
    2062       1.1730
    2063       1.1330
    2064       1.1974
    2065       1.1583
    2066       1.1993
    2067       1.2105
    2068       1.2471
    2069       1.2493
    2070       1.1812
    2071       1.1495
    2072       1.2157
    2073       1.1142
    2074       1.2990
    2075       1.1429
    2076       1.2473
    2077       1.2222
    2078       1.1841
    2079       1.2521
    2080       1.2386
    2081       1.2381
    2082       1.2826
    2083       1.2074
    2084       1.1878
    2085       1.1624
    2086       1.1141
    2087       1.2183
    2088       1.2605
    2089       1.3388
    2090       1.3006
    2091       1.1063
    2092       1.1646
    2093       1.2510
    2094       1.3324
    2095       1.2511
    2096       1.3332
    2097       1.2854
    2098       1.1865
    2099       1.2453
    2100       1.1263
    2101       1.2428
    2102       1.0844
    2103       1.1812
    2104       1.1574
    2105       1.1683
    2106       1.0831
    2107       1.1742
    2108       1.1326
    2109       1.1996
    2110       1.1871
    2111       1.2651
    2112       1.2181
    2113       1.2180
    2114       1.2117
    2115       1.2470
    2116       1.2359
    2117       1.1427
    2118       1.0482
    2119       1.2666
    2120       1.2306
    2121       1.2513
    2122       1.1786
    2123       1.2113
    2124       1.0683
    2125       1.1064
    2126       1.1842
    2127       1.1478
    2128       1.2075
    2129       1.1545
    2130       1.1863
    2131       1.0434
    2132       1.1991
    2133       1.2468
    2134       1.2156
    2135       1.1904
    2136       1.0738
    2137       1.2410
    2138       1.0481
    2139       1.0444
    2140       1.2539
    2141       1.1910
    2142       1.1638
    2143       1.1902
    2144       1.1889
    2145       1.1717
    2146       1.1977
    2147       1.2211
    2148       1.2319
    2149       1.2578
    2150       1.1835
    2151       1.1452
    2152       1.1838
    2153       1.1844
    2154       1.2126
    2155       1.2275
    2156       1.1675
    2157       1.1776
    2158       1.1759
    2159       1.1312
    2160       1.2425
    2161       1.1812
    2162       1.2217
    2163       1.2235
    2164       1.2394
    2165       1.1659
    2166       1.2770
    2167       1.1597
    2168       1.2170
    2169       1.1850
    2170       1.3127
    2171       1.3320
    2172       1.3728
    2173       1.1913
    2174       1.2738
    2175       1.2267
    2176       1.2574
    2177       1.2305
    2178       1.1288
    2179       1.1904
    2180       1.2297
    2181       1.2613
    2182       1.1293
    2183       1.2375
    2184       1.2328
    2185       1.2839
    2186       1.2547
    2187       1.1783
    2188       1.1953
    2189       1.3623
    2190       1.2666
    2191       1.3411
    2192       1.3485
    2193       1.2904
    2194       1.2400
    2195       1.1249
    2196       1.2273
    2197       1.2636
    2198       1.3649
    2199       1.2057
    2200       1.4258
    2201       1.1929
    2202       1.3308
    2203       1.2393
    2204       1.3065
    2205       1.3248
    2206       1.2026
    2207       1.2190
    2208       1.2954
    2209       1.1748
    2210       1.1670
    2211       1.2009
    2212       1.2482
    2213       1.2494
    2214       1.2587
    2215       1.2552
    2216       1.1758
    2217       1.2485
    2218       1.3366
    2219       1.2953
    2220       1.1428
    2221       1.2490
    2222       1.2281
    2223       1.2296
    2224       1.1433
    2225       1.1841
    2226       1.1543
    2227       1.3070
    2228       1.2576
    2229       1.3275
    2230       1.2540
    2231       1.2540
    2232       1.2135
    2233       1.2539
    2234       1.2742
    2235       1.1905
    2236       1.2336
    2237       1.2286
    2238       1.3173
    2239       1.2901
    2240       1.2987
    2241       1.2193
    2242       1.2923
    2243       1.2872
    2244       1.2141
    2245       1.2277
    2246       1.2425
    2247       1.3976
    2248       1.2773
    2249       1.1851
    2250       1.3914
    2251       1.2271
    2252       1.2172
    2253       1.2567
    2254       1.2670
    2255       1.2991
    2256       1.1835
    2257       1.2379
    2258       1.1482
    2259       1.2691
    2260       1.2481
    2261       1.2416
    2262       1.2491
    2263       1.3048
    2264       1.2974
    2265       1.2131
    2266       1.2507
    2267       1.2978
    2268       1.2080
    2269       1.2344
    2270       1.2130
    2271       1.1161
    2272       1.3196
    2273       1.2433
    2274       1.3380
    2275       1.1829
    2276       1.2795
    2277       1.1676
    2278       1.2434
    2279       1.3032
    2280       1.2608
    2281       1.3496
    2282       1.1938
    2283       1.2588
    2284       1.2567
    2285       1.2108
    2286       1.2267
    2287       1.2869
    2288       1.2801
    2289       1.2033
    2290       1.2599
    2291       1.3063
    2292       1.2617
    2293       1.3421
    2294       1.2734
    2295       1.3086
    2296       1.2448
    2297       1.2882
    2298       1.2662
    2299       1.2897
    2300       1.2825
    2301       1.3563
    2302       1.3580
    2303       1.3114
    2304       1.3012
    2305       1.1994
    2306       1.3103
    2307       1.3165
    2308       1.2827
    2309       1.2834
    2310       1.3004
    2311       1.3322
    2312       1.2238
    2313       1.3047
    2314       1.2478
    2315       1.2315
    2316       1.3761
    2317       1.3577
    2318       1.1778
    2319       1.2550
    2320       1.1909
    2321       1.2364
    2322       1.2944
    2323       1.3521
    2324       1.3055
    2325       1.3020
    2326       1.2192
    2327       1.2743
    2328       1.3275
    2329       1.2674
    2330       1.2603
    2331       1.3073
    2332       1.2521
    2333       1.3691
    2334       1.3354
    2335       1.2722
    2336       1.3492
    2337       1.2646
    2338       1.3133
    2339       1.3774
    2340       1.3189
    2341       1.2872
    2342       1.2884
    2343       1.2196
    2344       1.2611
    2345       1.3295
    2346       1.3896
    2347       1.2487
    2348       1.3836
    2349       1.2730
    2350       1.1726
    2351       1.3005
    2352       1.2870
    2353       1.2570
    2354       1.3023
    2355       1.3316
    2356       1.3078
    2357       1.2318
    2358       1.3007
    2359       1.3250
    2360       1.2889
    2361       1.2811
    2362       1.2502
    2363       1.3222
    2364       1.3367
    2365       1.3054
    2366       1.2906
    2367       1.2688
    2368       1.2367
    2369       1.2491
    2370       1.1215
    2371       1.2284
    2372       1.2081
    2373       1.0100
    2374       1.1937
    2375       1.2064
    2376       1.2011
    2377       1.2750
    2378       1.2376
    2379       1.2419
    2380       1.0424
    2381       1.2486
    2382       1.1797
    2383       1.1906
    2384       1.2542
    2385       1.1490
    2386       1.2327
    2387       1.2301
    2388       1.2550
    2389       1.2638
    2390       1.2137
    2391       1.3843
    2392       1.1697
    2393       1.2561
    2394       1.2688
    2395       1.1708
    2396       1.2368
    2397       1.1374
    2398       1.3084
    2399       1.3010
    2400       1.2844
    2401       1.1284
    2402       1.2420
    2403       1.2152
    2404       1.2843
    2405       1.1797
    2406       1.0772
    2407       1.2940
    2408       1.1501
    2409       1.2417
    2410       1.1493
    2411       1.0499
    2412       1.1930
    2413       1.3301
    2414       1.2265
    2415       1.0298
    2416       1.1993
    2417       1.2152
    2418       1.1374
    2419       1.3265
    2420       1.2652
    2421       1.1751
    2422       1.2591
    2423       1.1759
    2424       1.2005
    2425       1.1289
    2426       1.1570
    2427       1.1339
    2428       1.1622
    2429       1.1723
    2430       1.1157
    2431       1.1579
    2432       1.1078
    2433       1.1544
    2434       1.2177
    2435       1.0906
    2436       1.2024
    2437       1.1586
    2438       1.1760
    2439       1.3065
    2440       1.1693
    2441       1.1844
    2442       1.3030
    2443       1.2346
    2444       1.2898
    2445       1.1988
    2446       1.1433
    2447       1.2002
    2448       1.1819
    2449       1.1639
    2450       1.1898
    2451       1.1340
    2452       1.1429
    2453       1.1463
    2454       1.1257
    2455       1.2611
    2456       1.1596
    2457       1.1936
    2458       1.2338
    2459       1.1551
    2460       1.2200
    2461       1.2473
    2462       1.2486
    2463       1.0591
    2464       1.1456
    2465       1.1355
    2466       1.1123
    2467       1.1647
    2468       1.1701
    2469       1.2141
    2470       1.2258
    2471       1.1324
    2472       1.1124
    2473       1.2794
    2474       1.1841
    2475       1.1170
    2476       1.1365
    2477       1.0706
    2478       1.1416
    2479       1.1915
    2480       1.2177
    2481       1.3090
    2482       1.3791
    2483       1.3144
    2484       1.2790
    2485       1.3673
    2486       1.2012
    2487       1.1877
    2488       1.1893
    2489       1.2159
    2490       1.3230
    2491       1.2747
    2492       1.2514
    2493       1.2351
    2494       1.2897
    2495       1.2197
    2496       1.2323
    2497       1.2205
    2498       1.2672
    2499       1.3070
    2500       1.2293
    2501       1.2653
    2502       1.1890
    2503       1.2353
    2504       1.2826
    2505       1.2208
    2506       1.1167
    2507       1.1596
    2508       1.0936
    2509       1.1900
    2510       1.3590
    2511       1.2383
    2512       1.2256
    2513       1.2024
    2514       1.2786
    2515       1.1364
    2516       1.2513
    2517       1.3197
    2518       1.1960
    2519       1.0339
    2520       1.2387
    2521       1.2638
    2522       1.0853
    2523       1.2211
    2524       1.1635
    2525       1.1152
    2526       1.1289
    2527       1.2374
    2528       1.2839
    2529       1.1473
    2530       1.1737
    2531       1.1534
    2532       1.1601
    2533       1.1500
    2534       1.0845
    2535       1.1755
    2536       1.1229
    2537       1.1766
    2538       1.1546
    2539       1.2679
    2540       1.1835
    2541       1.1120
    2542       1.1624
    2543       1.3441
    2544       1.1954
    2545       1.2340
    2546       1.1595
    2547       1.2634
    2548       1.1508
    2549       1.2153
    2550       1.1398
    2551       1.1818
    2552       1.2425
    2553       1.1462
    2554       1.2734
    2555       1.1173
    2556       1.2182
    2557       1.1286
    2558       1.2787
    2559       1.2336
    2560       1.1538
    2561       1.2198
    2562       1.1843
    2563       1.3238
    2564       1.2892
    2565       1.2183
    2566       1.2693
    2567       1.2247
    2568       1.2031
    2569       1.2457
    2570       1.2149
    2571       1.2811
    2572       1.2339
    2573       1.1517
    2574       1.1514
    2575       1.1445
    2576       1.3547
    2577       1.3043
    2578       1.1259
    2579       1.1423
    2580       1.1940
    2581       1.2147
    2582       1.2640
    2583       1.2260
    2584       1.2002
    2585       1.3239
    2586       1.2824
    2587       1.1495
    2588       1.2905
    2589       1.1434
    2590       1.2779
    2591       1.1301
    2592       1.1773
    2593       1.2010
    2594       1.2376
    2595       1.3121
    2596       1.3325
    2597       1.1925
    2598       1.2945
    2599       1.1538
    2600       1.0197
    2601       1.1424
    2602       1.2461
    2603       1.2750
    2604       1.3535
    2605       1.0869
    2606       1.2474
    2607       1.0649
    2608       1.2456
    2609       1.3726
    2610       1.2997
    2611       1.3335
    2612       1.3059
    2613       1.1810
    2614       1.2114
    2615       1.1636
    2616       1.1919
    2617       1.1862
    2618       1.1935
    2619       1.2437
    2620       1.3048
    2621       1.3418
    2622       1.3129
    2623       1.3733
    2624       1.2411
    2625       1.2597
    2626       1.2478
    2627       1.1824
    2628       1.2501
    2629       1.2913
    2630       1.2244
    2631       1.2108
    2632       1.3002
    2633       1.2270
    2634       1.3226
    2635       1.1182
    2636       1.2348
    2637       1.2968
    2638       1.2642
    2639       1.3076
    2640       1.2007
    2641       1.2783
    2642       1.1080
    2643       1.2982
    2644       1.3088
    2645       1.1990
    2646       1.2710
    2647       1.2864
    2648       1.2811
    2649       1.2375
    2650       1.2677
    2651       1.3801
    2652       1.2558
    2653       1.1645
    2654       1.2503
    2655       1.1974
    2656       1.1992
    2657       1.2218
    2658       1.2075
    2659       1.2793
    2660       1.2100
    2661       1.2857
    2662       1.2622
    2663       1.2064
    2664       1.2865
    2665       1.3184
    2666       1.1586
    2667       1.3015
    2668       1.1688
    2669       1.3109
    2670       1.2413
    2671       1.1465
    2672       1.2587
    2673       1.2152
    2674       1.2930
    2675       1.3109
    2676       1.2121
    2677       1.2919
    2678       1.2774
    2679       1.1348
    2680       1.2624
    2681       1.1698
    2682       1.2441
    2683       1.1264
    2684       1.1927
    2685       1.2458
    2686       1.2952
    2687       1.1426
    2688       1.2392
    2689       1.3114
    2690       1.3537
    2691       1.2722
    2692       1.2206
    2693       1.1665
    2694       1.2224
    2695       1.1695
    2696       1.2152
    2697       1.4222
    2698       1.4054
    2699       1.3294
    2700       1.3380
    2701       1.3397
    2702       1.3511
    2703       1.2528
    2704       1.2184
    2705       1.2302
    2706       1.2014
    2707       1.3848
    2708       1.3053
    2709       1.3500
    2710       1.3832
    2711       1.3920
    2712       1.2708
    2713       1.2135
    2714       1.2859
    2715       1.1536
    2716       1.2126
    2717       1.1296
    2718       1.1672
    2719       1.2795
    2720       1.2002
    2721       1.2073
    2722       1.1576
    2723       1.2616
    2724       1.1769
    2725       1.1995
    2726       1.2512
    2727       1.2743
    2728       1.2714
    2729       1.1441
    2730       1.1691
    2731       1.1757
    2732       1.1850
    2733       1.2345
    2734       1.2049
    2735       1.2973
    2736       1.1776
    2737       1.2745
    2738       1.3252
    2739       1.2579
    2740       1.1886
    2741       1.2904
    2742       1.1917
    2743       1.2623
    2744       1.2384
    2745       1.2033
    2746       1.2511
    2747       1.1927
    2748       1.2374
    2749       1.2712
    2750       1.2787
    2751       1.2346
    2752       1.1378
    2753       1.2873
    2754       1.1828
    2755       1.3131
    2756       1.2935
    2757       1.2984
    2758       1.2804
    2759       1.2338
    2760       1.2062
    2761       1.2541
    2762       1.4039
    2763       1.1242
    2764       1.3310
    2765       1.2459
    2766       1.3473
    2767       1.1971
    2768       1.1589
    2769       1.1194
    2770       1.3019
    2771       1.1135
    2772       1.2502
    2773       1.3159
    2774       1.3445
    2775       1.2051
    2776       1.1652
    2777       1.3235
    2778       1.1573
    2779       1.2732
    2780       1.1378
    2781       1.2464
    2782       1.2458
    2783       1.1880
    2784       1.2539
    2785       1.1582
    2786       1.2485
    2787       1.1924
    2788       1.2770
    2789       1.1856
    2790       1.1706
    2791       1.2117
    2792       1.4092
    2793       1.1907
    2794       1.3052
    2795       1.2230
    2796       1.2410
    2797       1.3437
    2798       1.2847
    2799       1.2626
    2800       1.2555
    2801       1.2718
    2802       1.2917
    2803       1.1694
    2804       1.2283
    2805       1.1490
    2806       1.1901
    2807       1.2273
    2808       1.1908
    2809       1.2845
    2810       1.3261
    2811       1.2492
    2812       1.2179
    2813       1.3504
    2814       1.3465
    2815       1.2654
    2816       1.2578
    2817       1.2379
    2818       1.3622
    2819       1.2777
    2820       1.2548
    2821       1.2585
    2822       1.2397
    2823       1.2725
    2824       1.3021
    2825       1.3758
    2826       1.3366
    2827       1.3095
    2828       1.3961
    2829       1.2916
    2830       1.3976
    2831       1.3688
    2832       1.2749
    2833       1.3866
    2834       1.3069
    2835       1.2848
    2836       1.3179
    2837       1.2270
    2838       1.2476
    2839       1.2639
    2840       1.3645
    2841       1.2723
    2842       1.2499
    2843       1.3744
    2844       1.2697
    2845       1.3489
    2846       1.4042
    2847       1.3663
    2848       1.2530
    2849       1.3453
    2850       1.3086
    2851       1.3672
    2852       1.3144
    2853       1.3594
    2854       1.1672
    2855       1.1467
    2856       1.2831
    2857       1.0707
    2858       1.1811
    2859       1.1991
    2860       1.2087
    2861       1.1942
    2862       1.1562
    2863       1.1651
    2864       1.2020
    2865       1.2177
    2866       1.2748
    2867       1.1704
    2868       1.3016
    2869       1.3966
    2870       1.2248
    2871       1.3150
    2872       1.1971
    2873       1.1568
    2874       1.2521
    2875       1.2099
    2876       1.2285
    2877       1.2772
    2878       1.2251
    2879       1.2469
    2880       1.2783
    2881       1.3051
    2882       1.2611
    2883       1.3585
    2884       1.2969
    2885       1.3320
    2886       1.2986
    2887       1.1990
    2888       1.2660
    2889       1.2533
    2890       1.3804
    2891       1.3305
    2892       1.2492
    2893       1.2798
    2894       1.2177
    2895       1.2340
    2896       1.3251
    2897       1.2558
    2898       1.3165
    2899       1.3556
    2900       1.2537
    2901       1.2963
    2902       1.2469
    2903       1.2084
    2904       1.2108
    2905       1.2750
    2906       1.2525
    2907       1.3044
    2908       1.3163
    2909       1.2675
    2910       1.2770
    2911       1.3631
    2912       1.3792
    2913       1.3228
    2914       1.3371
    2915       1.1995
    2916       1.3236
    2917       1.2408
    2918       1.2153
    2919       1.2039
    2920       1.2672
    2921       1.1835
    2922       1.2144
    2923       1.2885
    2924       1.2213
    2925       1.2905
    2926       1.3006
    2927       1.2847
    2928       1.2410
    2929       1.1882
    2930       1.3189
    2931       1.2453
    2932       1.2852
    2933       1.2614
    2934       1.2239
    2935       1.2216
    2936       1.2082
    2937       1.2310
    2938       1.2248
    2939       1.3339
    2940       1.2691
    2941       1.2608
    2942       1.2586
    2943       1.2741
    2944       1.2388
    2945       1.3135
    2946       1.2900
    2947       1.1665
    2948       1.2810
    2949       1.3032
    2950       1.2579
    2951       1.2413
    2952       1.2959
    2953       1.2800
    2954       1.2859
    2955       1.2144
    2956       1.2346
    2957       1.2962
    2958       1.1950
    2959       1.2648
    2960       1.3361
    2961       1.3525
    2962       1.2542
    2963       1.2268
    2964       1.2291
    2965       1.2981
    2966       1.2901
    2967       1.2853
    2968       1.2724
    2969       1.2350
    2970       1.2529
    2971       1.2486
    2972       1.1947
    2973       1.2841
    2974       1.2118
    2975       1.3055
    2976       1.2724
    2977       1.2829
    2978       1.2812
    2979       1.2876
    2980       1.1902
    2981       1.4060
    2982       1.2435
    2983       1.3187
    2984       1.3263
    2985       1.2269
    2986       1.2818
    2987       1.2538
    2988       1.3062
    2989       1.3448
    2990       1.3431
    2991       1.3091
    2992       1.3608
    2993       1.3031
    2994       1.1923
    2995       1.2794
    2996       1.2474
    2997       1.2915
    2998       1.1905
    2999       1.2542
    3000       1.2003
