#Res        AtomicFlx
   1.000       3.0736
   2.000       2.9606
   3.000       1.9072
   4.000       2.4909
   5.000       2.6376
   6.000       1.9948
   7.000       1.7750
   8.000       2.3732
   9.000       2.0154
  10.000       2.0858
  11.000       1.6992
  12.000       1.8021
  13.000       1.4695
  14.000       1.9147
  15.000       1.5478
  16.000       2.0712
  17.000       1.6910
  18.000       2.1808
  19.000       2.0292
  20.000       2.3070
  21.000       2.3069
  22.000       2.7019
  23.000       2.8135
  24.000       3.1494
  25.000       2.8355
  26.000       2.0333
  27.000       2.1267
  28.000       1.7576
  29.000       1.9156
  30.000       1.6658
  31.000       2.1040
  32.000       1.6048
  33.000       1.9424
  34.000       1.4957
  35.000       1.8346
  36.000       1.7087
  37.000       2.1434
  38.000       2.7052
  39.000       1.4867
  40.000       2.0229
  41.000       1.2512
  42.000       1.5558
  43.000       1.2793
  44.000       2.0209
  45.000       1.4162
  46.000       2.1796
  47.000       2.0757
  48.000       2.4509
  49.000       2.5817
  50.000       2.5000
  51.000       2.8140
  52.000       1.9078
  53.000       2.0960
  54.000       1.7988
  55.000       1.6242
  56.000       1.4919
  57.000       1.2611
  58.000       1.2601
  59.000       1.1230
  60.000       0.7960
  61.000       0.6876
  62.000       0.7649
  63.000       0.7671
  64.000       0.2738
  65.000       1.0060
  66.000       0.9326
  67.000       1.1221
  68.000       1.3035
  69.000       1.3446
  70.000       2.4149
  71.000       1.7725
  72.000       2.1929
  73.000       2.8920
  74.000       2.8773
  75.000       2.4605
  76.000       2.2963
  77.000       2.9920
  78.000       2.1065
  79.000       1.6292
  80.000       1.5703
  81.000       1.2227
  82.000       1.4145
  83.000       1.8088
  84.000       1.6333
  85.000       1.5575
  86.000       1.8725
  87.000       2.2400
  88.000       1.5607
  89.000       1.1680
  90.000       1.6395
  91.000       1.5652
  92.000       1.9972
  93.000       1.4522
  94.000       1.8072
  95.000       1.6078
  96.000       2.0850
  97.000       1.8585
  98.000       2.5263
  99.000       2.6474
 100.000       2.4222
 101.000       2.0961
 102.000       2.1654
 103.000       1.7518
 104.000       2.2500
 105.000       1.6214
 106.000       2.3509
 107.000       1.3867
 108.000       1.8213
 109.000       1.3855
 110.000       1.9184
 111.000       2.1303
 112.000       2.6487
 113.000       2.5130
 114.000       2.5416
 115.000       2.0002
 116.000       1.6438
 117.000       1.8070
 118.000       1.4112
 119.000       2.6133
 120.000       1.4357
 121.000       2.1681
 122.000       1.7429
 123.000       2.3096
 124.000       2.0736
 125.000       2.4661
 126.000       2.7347
 127.000       2.1994
 128.000       3.2666
 129.000       3.2801
 130.000       3.0982
 131.000       2.4069
 132.000       2.2003
 133.000       1.9708
 134.000       2.3629
 135.000       2.3457
 136.000       2.3375
 137.000       2.5105
 138.000       1.8945
 139.000       2.2201
 140.000       1.9070
 141.000       2.1252
 142.000       1.9231
 143.000       2.4337
 144.000       2.6402
 145.000       2.7873
 146.000       2.1992
 147.000       1.6687
 148.000       2.5159
 149.000       1.6629
 150.000       2.2472
 151.000       2.2449
 152.000       2.6228
 153.000       4.2832
 154.000       4.0113
 155.000       3.4457
 156.000       2.8005
 157.000       1.9437
 158.000       1.7341
 159.000       2.3501
 160.000       1.7679
 161.000       2.1560
 162.000       1.3733
 163.000       2.1984
 164.000       1.6175
 165.000       2.5547
 166.000       1.8534
 167.000       2.1211
 168.000       2.1746
 169.000       2.8728
 170.000       2.8041
 171.000       2.6562
 172.000       2.4393
 173.000       2.3123
 174.000       2.0733
 175.000       2.2534
 176.000       1.7566
 177.000       2.0177
 178.000       1.5534
 179.000       1.9209
 180.000       1.3841
 181.000       2.2352
 182.000       1.4928
 183.000       1.8765
 184.000       1.8741
 185.000       2.0000
 186.000       2.4162
 187.000       3.4066
 188.000       3.5235
 189.000       4.1981
 190.000       3.6353
 191.000       3.7161
 192.000       2.8827
 193.000       2.2721
 194.000       2.4760
 195.000       2.2370
 196.000       2.2300
 197.000       2.5364
 198.000       1.5900
 199.000       1.5589
 200.000       1.1707
 201.000       1.7219
 202.000       1.1322
 203.000       1.3472
 204.000       1.5244
 205.000       1.8112
 206.000       2.4557
 207.000       2.6077
 208.000       2.9942
 209.000       3.2807
 210.000       2.8025
 211.000       3.4613
 212.000       2.7361
 213.000       2.1174
 214.000       2.0773
 215.000       1.5258
 216.000       1.5723
 217.000       1.2195
 218.000       1.6628
 219.000       1.0632
 220.000       1.9107
 221.000       1.2464
 222.000       1.6939
 223.000       1.9235
 224.000       2.3189
 225.000       2.9633
 226.000       4.7134
 227.000       6.1245
 228.000       9.0887
