#Frame     RMSD_00002
       1       0.0000
       2       0.7344
       3       0.7056
       4       0.7496
       5       0.7609
       6       0.7532
       7       0.7908
       8       0.7858
       9       0.8029
      10       0.7844
      11       0.6458
      12       0.8323
      13       0.8154
      14       0.7795
      15       0.8232
      16       0.8194
      17       0.8635
      18       0.8613
      19       0.8315
      20       0.9708
      21       0.8300
      22       0.7548
      23       0.7816
      24       0.8321
      25       0.8961
      26       0.9499
      27       0.9954
      28       0.8947
      29       1.0423
      30       0.9539
      31       0.9806
      32       0.9247
      33       0.9858
      34       0.8766
      35       1.0182
      36       0.9579
      37       0.9778
      38       0.9201
      39       0.9151
      40       1.0491
      41       1.0259
      42       1.0640
      43       1.0272
      44       0.9140
      45       0.9825
      46       1.0643
      47       1.0957
      48       1.0463
      49       1.1142
      50       1.0210
      51       1.1679
      52       1.0269
      53       1.0896
      54       1.1761
      55       1.1639
      56       1.2267
      57       1.1699
      58       1.1130
      59       1.1164
      60       1.1231
      61       1.1817
      62       1.1198
      63       1.1575
      64       1.0837
      65       1.1497
      66       1.1134
      67       1.1067
      68       1.1552
      69       1.0949
      70       1.1056
      71       1.1898
      72       1.1830
      73       1.1931
      74       1.1973
      75       1.1980
      76       1.1299
      77       1.1870
      78       1.2021
      79       1.1917
      80       1.1646
      81       1.1040
      82       1.1297
      83       1.1759
      84       1.2514
      85       1.1822
      86       1.2089
      87       1.1721
      88       1.1970
      89       1.3134
      90       1.1566
      91       1.2551
      92       1.1610
      93       1.1940
      94       1.2088
      95       1.1800
      96       1.2178
      97       1.2248
      98       1.1752
      99       1.1598
     100       1.2489
     101       1.1657
     102       1.1786
     103       1.2864
     104       1.1256
     105       1.2063
     106       1.1518
     107       1.1907
     108       1.2477
     109       1.1606
     110       1.2203
     111       1.1360
     112       1.1801
     113       1.0996
     114       1.1872
     115       1.1643
     116       1.1561
     117       1.0967
     118       1.0286
     119       0.9690
     120       1.1170
     121       1.1858
     122       1.0159
     123       1.0189
     124       1.0374
     125       0.9676
     126       1.1027
     127       1.0545
     128       1.0044
     129       0.8969
     130       1.0629
     131       1.0665
     132       1.0039
     133       1.0449
     134       1.0102
     135       0.9752
     136       1.0687
     137       0.9331
     138       0.9455
     139       0.9984
     140       1.0027
     141       0.9934
     142       1.1559
     143       1.2106
     144       1.1232
     145       0.9597
     146       1.0445
     147       0.9928
     148       0.9423
     149       0.9833
     150       1.0377
     151       1.0770
     152       1.0403
     153       1.0079
     154       1.0296
     155       1.0985
     156       1.0091
     157       1.0371
     158       1.1384
     159       0.9782
     160       1.0648
     161       1.1051
     162       1.0549
     163       1.1178
     164       1.1395
     165       1.1386
     166       1.0928
     167       1.1566
     168       1.1504
     169       1.1418
     170       1.1839
     171       1.1012
     172       1.1459
     173       1.2358
     174       1.1967
     175       1.1309
     176       1.1630
     177       1.1379
     178       1.0837
     179       1.1918
     180       1.0826
     181       1.2142
     182       1.2039
     183       1.2775
     184       1.3227
     185       1.2348
     186       1.1995
     187       1.1643
     188       1.3331
     189       1.1422
     190       1.1307
     191       1.1494
     192       1.1230
     193       1.0786
     194       1.1325
     195       1.1093
     196       1.1656
     197       1.1823
     198       1.1845
     199       1.2115
     200       1.1524
     201       1.1249
     202       1.2683
     203       1.1069
     204       1.1223
     205       0.9881
     206       1.0111
     207       1.0071
     208       1.0754
     209       1.1883
     210       1.1517
     211       1.1224
     212       1.0994
     213       1.1413
     214       1.1326
     215       1.1384
     216       1.2372
     217       1.2874
     218       1.3144
     219       1.3237
     220       1.3336
     221       1.2169
     222       1.2056
     223       1.2733
     224       1.3606
     225       1.1938
     226       1.1434
     227       1.1766
     228       1.2655
     229       1.1244
     230       1.3634
     231       1.2222
     232       1.2810
     233       1.2415
     234       1.1780
     235       1.2098
     236       1.2896
     237       1.2899
     238       1.2295
     239       1.2290
     240       1.2218
     241       1.3165
     242       1.2434
     243       1.2178
     244       1.3283
     245       1.2737
     246       1.1238
     247       1.2058
     248       1.2472
     249       1.2012
     250       1.2774
     251       1.2846
     252       1.2312
     253       1.1726
     254       1.1692
     255       1.1795
     256       1.2455
     257       1.2158
     258       1.1729
     259       1.1274
     260       1.2518
     261       1.1411
     262       1.1941
     263       1.1112
     264       1.3648
     265       1.1874
     266       1.2011
     267       1.2289
     268       1.2086
     269       1.2494
     270       1.1992
     271       1.2908
     272       1.2622
     273       1.2414
     274       1.1440
     275       1.1719
     276       1.1481
     277       1.0753
     278       1.0806
     279       1.1657
     280       0.9847
     281       1.1095
     282       1.1107
     283       1.1349
     284       1.2180
     285       1.1983
     286       1.1260
     287       1.1574
     288       1.2078
     289       1.0151
     290       1.1007
     291       1.0667
     292       1.1216
     293       1.0851
     294       1.2087
     295       1.1902
     296       1.2132
     297       1.2481
     298       1.1331
     299       1.0844
     300       1.1301
     301       1.1486
     302       1.1679
     303       1.2151
     304       1.0891
     305       1.1421
     306       1.1063
     307       1.1909
     308       1.1765
     309       1.2284
     310       1.2176
     311       1.3021
     312       1.2318
     313       1.2697
     314       1.3142
     315       1.3366
     316       1.3226
     317       1.2296
     318       1.1944
     319       1.3145
     320       1.1918
     321       1.1666
     322       1.2998
     323       1.2253
     324       1.1743
     325       1.1467
     326       1.2202
     327       1.1143
     328       1.1388
     329       1.2642
     330       1.1095
     331       1.1352
     332       1.1141
     333       1.1698
     334       1.1942
     335       1.2328
     336       1.2311
     337       1.1897
     338       1.0785
     339       1.1511
     340       1.2108
     341       1.3142
     342       1.1796
     343       1.1200
     344       1.1584
     345       1.1249
     346       1.0763
     347       1.0765
     348       1.2375
     349       1.1617
     350       1.1609
     351       1.2474
     352       1.2353
     353       1.3177
     354       1.2547
     355       1.2975
     356       1.1232
     357       1.1640
     358       1.2047
     359       1.1100
     360       1.1876
     361       1.1352
     362       1.2175
     363       1.1374
     364       1.2003
     365       1.1167
     366       1.1648
     367       1.1827
     368       1.2564
     369       1.2935
     370       1.2188
     371       1.2367
     372       1.2205
     373       1.2961
     374       1.2492
     375       1.2799
     376       1.1284
     377       1.2309
     378       1.1334
     379       1.1942
     380       1.2367
     381       1.1469
     382       1.1849
     383       1.1279
     384       1.1492
     385       1.1317
     386       1.1616
     387       1.1770
     388       1.2752
     389       1.1753
     390       1.3203
     391       1.2728
     392       1.2302
     393       1.2324
     394       1.1325
     395       1.2690
     396       1.2876
     397       1.2352
     398       1.2442
     399       1.3495
     400       1.2776
     401       1.3135
     402       1.2975
     403       1.2626
     404       1.2241
     405       1.2777
     406       1.4096
     407       1.3357
     408       1.3513
     409       1.3293
     410       1.2052
     411       1.3812
     412       1.3974
     413       1.3548
     414       1.2717
     415       1.3050
     416       1.2258
     417       1.1890
     418       1.2604
     419       1.3110
     420       1.2822
     421       1.2524
     422       1.3999
     423       1.2694
     424       1.3622
     425       1.2667
     426       1.3680
     427       1.3713
     428       1.3612
     429       1.3151
     430       1.2231
     431       1.2998
     432       1.3351
     433       1.3604
     434       1.3295
     435       1.3009
     436       1.3239
     437       1.3838
     438       1.2798
     439       1.3106
     440       1.2753
     441       1.3164
     442       1.3529
     443       1.4330
     444       1.2604
     445       1.2216
     446       1.3174
     447       1.3175
     448       1.4267
     449       1.4178
     450       1.4036
     451       1.4640
     452       1.5303
     453       1.2616
     454       1.2829
     455       1.3791
     456       1.4211
     457       1.3090
     458       1.3364
     459       1.3515
     460       1.4399
     461       1.3371
     462       1.4020
     463       1.2885
     464       1.2894
     465       1.3387
     466       1.2688
     467       1.2841
     468       1.4528
     469       1.2495
     470       1.2803
     471       1.3582
     472       1.3994
     473       1.3103
     474       1.3423
     475       1.3405
     476       1.3151
     477       1.3681
     478       1.3449
     479       1.3776
     480       1.3066
     481       1.3730
     482       1.2745
     483       1.3232
     484       1.3257
     485       1.1913
     486       1.3216
     487       1.2197
     488       1.2311
     489       1.3383
     490       1.3303
     491       1.2566
     492       1.2967
     493       1.2967
     494       1.2119
     495       1.2664
     496       1.2785
     497       1.1956
     498       1.3354
     499       1.3033
     500       1.2963
     501       1.1853
     502       1.3062
     503       1.2413
     504       1.3022
     505       1.3516
     506       1.3053
     507       1.3112
     508       1.3372
     509       1.1606
     510       1.2401
     511       1.3482
     512       1.4595
     513       1.3264
     514       1.3718
     515       1.3692
     516       1.4068
     517       1.4039
     518       1.4237
     519       1.4271
     520       1.3106
     521       1.3293
     522       1.2748
     523       1.2811
     524       1.3179
     525       1.3406
     526       1.3882
     527       1.3484
     528       1.3555
     529       1.2794
     530       1.3451
     531       1.2653
     532       1.3756
     533       1.3420
     534       1.2278
     535       1.2741
     536       1.3645
     537       1.2415
     538       1.2023
     539       1.2688
     540       1.2252
     541       1.2808
     542       1.2808
     543       1.3409
     544       1.2587
     545       1.2647
     546       1.2765
     547       1.2928
     548       1.2763
     549       1.3376
     550       1.2333
     551       1.3188
     552       1.2996
     553       1.3394
     554       1.3000
     555       1.3097
     556       1.2150
     557       1.2715
     558       1.2538
     559       1.3302
     560       1.2887
     561       1.2825
     562       1.3834
     563       1.3441
     564       1.3216
     565       1.3028
     566       1.2238
     567       1.2799
     568       1.2387
     569       1.3159
     570       1.4260
     571       1.3294
     572       1.2056
     573       1.2563
     574       1.3307
     575       1.2824
     576       1.2557
     577       1.2629
     578       1.2087
     579       1.2946
     580       1.3785
     581       1.2687
     582       1.3012
     583       1.3246
     584       1.5300
     585       1.2994
     586       1.2499
     587       1.2759
     588       1.3058
     589       1.3415
     590       1.2416
     591       1.2613
     592       1.3535
     593       1.3107
     594       1.3272
     595       1.4260
     596       1.4397
     597       1.2968
     598       1.2943
     599       1.3702
     600       1.3305
     601       1.3171
     602       1.3700
     603       1.3929
     604       1.4023
     605       1.3023
     606       1.3997
     607       1.3057
     608       1.2827
     609       1.4322
     610       1.3542
     611       1.3358
     612       1.3403
     613       1.2652
     614       1.2937
     615       1.3949
     616       1.3614
     617       1.4230
     618       1.4022
     619       1.2592
     620       1.2164
     621       1.2909
     622       1.2688
     623       1.3039
     624       1.2888
     625       1.2785
     626       1.3504
     627       1.2388
     628       1.1778
     629       1.2165
     630       1.1704
     631       1.3375
     632       1.4371
     633       1.2971
     634       1.2589
     635       1.2108
     636       1.2713
     637       1.3158
     638       1.3794
     639       1.3202
     640       1.3381
     641       1.3134
     642       1.3681
     643       1.3954
     644       1.3626
     645       1.5144
     646       1.4350
     647       1.6562
     648       1.5618
     649       1.4317
     650       1.5187
     651       1.5479
     652       1.4618
     653       1.5622
     654       1.5129
     655       1.5271
     656       1.4669
     657       1.5213
     658       1.4748
     659       1.4816
     660       1.4095
     661       1.4290
     662       1.4821
     663       1.5288
     664       1.5291
     665       1.5345
     666       1.5124
     667       1.4990
     668       1.5425
     669       1.4969
     670       1.4794
     671       1.4192
     672       1.5902
     673       1.3710
     674       1.4114
     675       1.5778
     676       1.5645
     677       1.3778
     678       1.5039
     679       1.5434
     680       1.4995
     681       1.6075
     682       1.5964
     683       1.6233
     684       1.5372
     685       1.4716
     686       1.5896
     687       1.4765
     688       1.3929
     689       1.3708
     690       1.3379
     691       1.4266
     692       1.5383
     693       1.3899
     694       1.4661
     695       1.4381
     696       1.3461
     697       1.3328
     698       1.3037
     699       1.4129
     700       1.3285
     701       1.4305
     702       1.4189
     703       1.3405
     704       1.4389
     705       1.5508
     706       1.4145
     707       1.4139
     708       1.4353
     709       1.4513
     710       1.3827
     711       1.5733
     712       1.4280
     713       1.5865
     714       1.4824
     715       1.4519
     716       1.4307
     717       1.4892
     718       1.4608
     719       1.4353
     720       1.2637
     721       1.5041
     722       1.3791
     723       1.3491
     724       1.3408
     725       1.3291
     726       1.3850
     727       1.3850
     728       1.3709
     729       1.4482
     730       1.3933
     731       1.3189
     732       1.5971
     733       1.3681
     734       1.3716
     735       1.4087
     736       1.4085
     737       1.3883
     738       1.3378
     739       1.4020
     740       1.5968
     741       1.4277
     742       1.4476
     743       1.4985
     744       1.4488
     745       1.4225
     746       1.3390
     747       1.4729
     748       1.4504
     749       1.3360
     750       1.3583
     751       1.3653
     752       1.4995
     753       1.3327
     754       1.2989
     755       1.3362
     756       1.4541
     757       1.3505
     758       1.3242
     759       1.3534
     760       1.2405
     761       1.2964
     762       1.2100
     763       1.3988
     764       1.3198
     765       1.3224
     766       1.3866
     767       1.2839
     768       1.3210
     769       1.3122
     770       1.4201
     771       1.2791
     772       1.2726
     773       1.1663
     774       1.3077
     775       1.4218
     776       1.3541
     777       1.4208
     778       1.4317
     779       1.2823
     780       1.2153
     781       1.3595
     782       1.3932
     783       1.3861
     784       1.3775
     785       1.4607
     786       1.4285
     787       1.4092
     788       1.3821
     789       1.4976
     790       1.3540
     791       1.5163
     792       1.4674
     793       1.5138
     794       1.2948
     795       1.3829
     796       1.3489
     797       1.2586
     798       1.2970
     799       1.2521
     800       1.2068
     801       1.3483
     802       1.3735
     803       1.4171
     804       1.4574
     805       1.2832
     806       1.4047
     807       1.3300
     808       1.3755
     809       1.3981
     810       1.3507
     811       1.3425
     812       1.3871
     813       1.4045
     814       1.3686
     815       1.2717
     816       1.3537
     817       1.4638
     818       1.4547
     819       1.3953
     820       1.4303
     821       1.3755
     822       1.2841
     823       1.3100
     824       1.2425
     825       1.3513
     826       1.4271
     827       1.5189
     828       1.4233
     829       1.3218
     830       1.4333
     831       1.2924
     832       1.2425
     833       1.2952
     834       1.3711
     835       1.3226
     836       1.2947
     837       1.3590
     838       1.1070
     839       1.4538
     840       1.4979
     841       1.3557
     842       1.4952
     843       1.3456
     844       1.4182
     845       1.4582
     846       1.3667
     847       1.3010
     848       1.4346
     849       1.3926
     850       1.3388
     851       1.3728
     852       1.3900
     853       1.3638
     854       1.4501
     855       1.3771
     856       1.3059
     857       1.4375
     858       1.3874
     859       1.4099
     860       1.3621
     861       1.4976
     862       1.3315
     863       1.4262
     864       1.3674
     865       1.4166
     866       1.4148
     867       1.4529
     868       1.3621
     869       1.4139
     870       1.3775
     871       1.3764
     872       1.3773
     873       1.4571
     874       1.4143
     875       1.4189
     876       1.4444
     877       1.4409
     878       1.3424
     879       1.3685
     880       1.4305
     881       1.4434
     882       1.3460
     883       1.4284
     884       1.4177
     885       1.4219
     886       1.4157
     887       1.4973
     888       1.4983
     889       1.3904
     890       1.4569
     891       1.3208
     892       1.2901
     893       1.2456
     894       1.2241
     895       1.2413
     896       1.3746
     897       1.4223
     898       1.4171
     899       1.2815
     900       1.3810
     901       1.2995
     902       1.2984
     903       1.3001
     904       1.3011
     905       1.3349
     906       1.4732
     907       1.3351
     908       1.2496
     909       1.3220
     910       1.3073
     911       1.3974
     912       1.4875
     913       1.5408
     914       1.3850
     915       1.4599
     916       1.3000
     917       1.3077
     918       1.3039
     919       1.2720
     920       1.3802
     921       1.2957
     922       1.3207
     923       1.2540
     924       1.2972
     925       1.3109
     926       1.2459
     927       1.2035
     928       1.3066
     929       1.3837
     930       1.2333
     931       1.3573
     932       1.4708
     933       1.3991
     934       1.4213
     935       1.4878
     936       1.3813
     937       1.3638
     938       1.4275
     939       1.4785
     940       1.4577
     941       1.4415
     942       1.4207
     943       1.3826
     944       1.5135
     945       1.3982
     946       1.3936
     947       1.4785
     948       1.3369
     949       1.2931
     950       1.4844
     951       1.4774
     952       1.4119
     953       1.4736
     954       1.5077
     955       1.4974
     956       1.4766
     957       1.4231
     958       1.4139
     959       1.4183
     960       1.5110
     961       1.5086
     962       1.5241
     963       1.4048
     964       1.4452
     965       1.5053
     966       1.4355
     967       1.5069
     968       1.4768
     969       1.4511
     970       1.5717
     971       1.5133
     972       1.3752
     973       1.3512
     974       1.5220
     975       1.5952
     976       1.5244
     977       1.5419
     978       1.6103
     979       1.5290
     980       1.4979
     981       1.3252
     982       1.4454
     983       1.4312
     984       1.4599
     985       1.4903
     986       1.5484
     987       1.4106
     988       1.6019
     989       1.4545
     990       1.4070
     991       1.2883
     992       1.3847
     993       1.4679
     994       1.5396
     995       1.4709
     996       1.4829
     997       1.4607
     998       1.5207
     999       1.4489
    1000       1.5423
    1001       1.5246
    1002       1.4345
    1003       1.4389
    1004       1.4916
    1005       1.5356
    1006       1.4348
    1007       1.4470
    1008       1.4465
    1009       1.4184
    1010       1.4641
    1011       1.4647
    1012       1.4114
    1013       1.3868
    1014       1.3836
    1015       1.4460
    1016       1.4040
    1017       1.3729
    1018       1.4268
    1019       1.4340
    1020       1.5399
    1021       1.5310
    1022       1.4903
    1023       1.5979
    1024       1.3873
    1025       1.3508
    1026       1.4699
    1027       1.5351
    1028       1.4457
    1029       1.4049
    1030       1.4399
    1031       1.4623
    1032       1.5949
    1033       1.5380
    1034       1.4547
    1035       1.4634
    1036       1.4751
    1037       1.4207
    1038       1.5021
    1039       1.5043
    1040       1.5408
    1041       1.5848
    1042       1.5574
    1043       1.5224
    1044       1.3333
    1045       1.4200
    1046       1.3653
    1047       1.3912
    1048       1.4470
    1049       1.4639
    1050       1.5258
    1051       1.3909
    1052       1.4659
    1053       1.4608
    1054       1.4537
    1055       1.2589
    1056       1.4801
    1057       1.3322
    1058       1.3012
    1059       1.3390
    1060       1.3288
    1061       1.3676
    1062       1.3334
    1063       1.3734
    1064       1.2605
    1065       1.3964
    1066       1.3566
    1067       1.4180
    1068       1.4830
    1069       1.4151
    1070       1.5712
    1071       1.5067
    1072       1.4195
    1073       1.4735
    1074       1.3362
    1075       1.3941
    1076       1.4066
    1077       1.4571
    1078       1.4452
    1079       1.4149
    1080       1.4716
    1081       1.4032
    1082       1.4707
    1083       1.4397
    1084       1.4162
    1085       1.4351
    1086       1.5317
    1087       1.4674
    1088       1.3701
    1089       1.3850
    1090       1.3365
    1091       1.3882
    1092       1.3783
    1093       1.4388
    1094       1.3464
    1095       1.4272
    1096       1.3678
    1097       1.5366
    1098       1.2722
    1099       1.2640
    1100       1.3845
    1101       1.2600
    1102       1.3801
    1103       1.4008
    1104       1.3715
    1105       1.5022
    1106       1.3167
    1107       1.3354
    1108       1.4275
    1109       1.4800
    1110       1.4402
    1111       1.4782
    1112       1.3940
    1113       1.3484
    1114       1.3431
    1115       1.3092
    1116       1.4032
    1117       1.5249
    1118       1.5461
    1119       1.4809
    1120       1.5621
    1121       1.4222
    1122       1.5931
    1123       1.4951
    1124       1.4338
    1125       1.3989
    1126       1.4196
    1127       1.4301
    1128       1.5364
    1129       1.4643
    1130       1.5393
    1131       1.4203
    1132       1.3378
    1133       1.4481
    1134       1.3916
    1135       1.4914
    1136       1.5646
    1137       1.3879
    1138       1.4765
    1139       1.3367
    1140       1.5270
    1141       1.4613
    1142       1.5053
    1143       1.4594
    1144       1.3828
    1145       1.3855
    1146       1.4318
    1147       1.4255
    1148       1.4623
    1149       1.3947
    1150       1.4208
    1151       1.4696
    1152       1.5274
    1153       1.5473
    1154       1.5050
    1155       1.5910
    1156       1.4849
    1157       1.5203
    1158       1.4736
    1159       1.4213
    1160       1.4441
    1161       1.4981
    1162       1.5101
    1163       1.3492
    1164       1.4908
    1165       1.5320
    1166       1.4227
    1167       1.3007
    1168       1.4353
    1169       1.3396
    1170       1.3252
    1171       1.4270
    1172       1.3578
    1173       1.3393
    1174       1.3772
    1175       1.3733
    1176       1.4081
    1177       1.4172
    1178       1.3566
    1179       1.3764
    1180       1.3507
    1181       1.3713
    1182       1.4865
    1183       1.3623
    1184       1.5439
    1185       1.6458
    1186       1.6016
    1187       1.5752
    1188       1.6681
    1189       1.6741
    1190       1.6903
    1191       1.5505
    1192       1.5935
    1193       1.5550
    1194       1.4759
    1195       1.5282
    1196       1.4038
    1197       1.3999
    1198       1.4752
    1199       1.4433
    1200       1.3421
    1201       1.7072
    1202       1.3591
    1203       1.4624
    1204       1.5157
    1205       1.5173
    1206       1.5413
    1207       1.5579
    1208       1.4162
    1209       1.5509
    1210       1.3523
    1211       1.5606
    1212       1.4592
    1213       1.4592
    1214       1.4623
    1215       1.4612
    1216       1.3548
    1217       1.3701
    1218       1.5249
    1219       1.4990
    1220       1.5978
    1221       1.5379
    1222       1.4171
    1223       1.4013
    1224       1.3891
    1225       1.5596
    1226       1.5775
    1227       1.3907
    1228       1.4408
    1229       1.4906
    1230       1.4225
    1231       1.3575
    1232       1.3879
    1233       1.3935
    1234       1.3451
    1235       1.3862
    1236       1.3416
    1237       1.2511
    1238       1.3140
    1239       1.4321
    1240       1.3928
    1241       1.4417
    1242       1.4426
    1243       1.4122
    1244       1.4583
    1245       1.3151
    1246       1.3625
    1247       1.3835
    1248       1.4546
    1249       1.3706
    1250       1.3149
    1251       1.3269
    1252       1.3070
    1253       1.4570
    1254       1.4129
    1255       1.3972
    1256       1.3210
    1257       1.3684
    1258       1.3377
    1259       1.3970
    1260       1.2487
    1261       1.3863
    1262       1.4071
    1263       1.5256
    1264       1.4472
    1265       1.3239
    1266       1.2826
    1267       1.5311
    1268       1.5874
    1269       1.3975
    1270       1.4367
    1271       1.4981
    1272       1.3801
    1273       1.3581
    1274       1.4145
    1275       1.3773
    1276       1.4202
    1277       1.3185
    1278       1.3767
    1279       1.4678
    1280       1.4653
    1281       1.4308
    1282       1.4043
    1283       1.5804
    1284       1.4792
    1285       1.4750
    1286       1.5111
    1287       1.4832
    1288       1.4994
    1289       1.4057
    1290       1.4432
    1291       1.3962
    1292       1.3598
    1293       1.4696
    1294       1.3321
    1295       1.3785
    1296       1.4066
    1297       1.3859
    1298       1.5095
    1299       1.3679
    1300       1.4065
    1301       1.4153
    1302       1.3287
    1303       1.4724
    1304       1.4525
    1305       1.3906
    1306       1.3934
    1307       1.3999
    1308       1.4385
    1309       1.4280
    1310       1.4109
    1311       1.3285
    1312       1.3495
    1313       1.4844
    1314       1.3829
    1315       1.4009
    1316       1.4275
    1317       1.3613
    1318       1.3628
    1319       1.3721
    1320       1.5386
    1321       1.4216
    1322       1.3507
    1323       1.5049
    1324       1.4026
    1325       1.4942
    1326       1.5623
    1327       1.3340
    1328       1.4010
    1329       1.4529
    1330       1.4200
    1331       1.3151
    1332       1.4711
    1333       1.3426
    1334       1.4878
    1335       1.4884
    1336       1.4647
    1337       1.5095
    1338       1.4895
    1339       1.3954
    1340       1.5623
    1341       1.5892
    1342       1.5047
    1343       1.5577
    1344       1.5393
    1345       1.4780
    1346       1.5152
    1347       1.4807
    1348       1.6028
    1349       1.5235
    1350       1.5637
    1351       1.4758
    1352       1.5017
    1353       1.6091
    1354       1.6658
    1355       1.6192
    1356       1.7482
    1357       1.5942
    1358       1.5613
    1359       1.6312
    1360       1.6317
    1361       1.4812
    1362       1.5496
    1363       1.6396
    1364       1.5425
    1365       1.5154
    1366       1.6797
    1367       1.5396
    1368       1.4773
    1369       1.4365
    1370       1.3698
    1371       1.4640
    1372       1.4108
    1373       1.2356
    1374       1.4066
    1375       1.4587
    1376       1.3911
    1377       1.3812
    1378       1.4062
    1379       1.4814
    1380       1.4935
    1381       1.5440
    1382       1.6458
    1383       1.5845
    1384       1.6521
    1385       1.5251
    1386       1.5267
    1387       1.4446
    1388       1.6322
    1389       1.6344
    1390       1.5570
    1391       1.7285
    1392       1.5598
    1393       1.4774
    1394       1.3888
    1395       1.4629
    1396       1.4433
    1397       1.7035
    1398       1.6136
    1399       1.5899
    1400       1.5995
    1401       1.7018
    1402       1.6258
    1403       1.5500
    1404       1.6471
    1405       1.6684
    1406       1.5302
    1407       1.6701
    1408       1.4681
    1409       1.4767
    1410       1.4306
    1411       1.4277
    1412       1.4860
    1413       1.5325
    1414       1.5094
    1415       1.4606
    1416       1.5067
    1417       1.4523
    1418       1.6525
    1419       1.6020
    1420       1.5843
    1421       1.5201
    1422       1.4971
    1423       1.5835
    1424       1.5312
    1425       1.5366
    1426       1.5708
    1427       1.6950
    1428       1.6433
    1429       1.6651
    1430       1.6840
    1431       1.6722
    1432       1.6648
    1433       1.6932
    1434       1.7131
    1435       1.7535
    1436       1.7311
    1437       1.6792
    1438       1.7038
    1439       1.7065
    1440       1.7341
    1441       1.7483
    1442       1.7033
    1443       1.6040
    1444       1.6996
    1445       1.8609
    1446       1.7093
    1447       1.6925
    1448       1.7585
    1449       1.6812
    1450       1.6577
    1451       1.6333
    1452       1.6057
    1453       1.7970
    1454       1.5640
    1455       1.5128
    1456       1.7709
    1457       1.7786
    1458       1.6153
    1459       1.6678
    1460       1.6873
    1461       1.7732
    1462       1.5697
    1463       1.6753
    1464       1.5507
    1465       1.5716
    1466       1.5316
    1467       1.6148
    1468       1.5077
    1469       1.6245
    1470       1.5965
    1471       1.6735
    1472       1.5352
    1473       1.6226
    1474       1.6960
    1475       1.6002
    1476       1.4982
    1477       1.7482
    1478       1.6143
    1479       1.5872
    1480       1.6664
    1481       1.6394
    1482       1.7022
    1483       1.5876
    1484       1.5875
    1485       1.5300
    1486       1.5070
    1487       1.4915
    1488       1.4867
    1489       1.6656
    1490       1.6969
    1491       1.6178
    1492       1.5175
    1493       1.5095
    1494       1.6227
    1495       1.5930
    1496       1.7066
    1497       1.6748
    1498       1.6584
    1499       1.7519
    1500       1.6111
    1501       1.6016
    1502       1.6626
    1503       1.6520
    1504       1.5939
    1505       1.5644
    1506       1.5649
    1507       1.5545
    1508       1.6045
    1509       1.5850
    1510       1.5921
    1511       1.6495
    1512       1.5748
    1513       1.5333
    1514       1.6262
    1515       1.6548
    1516       1.6801
    1517       1.6856
    1518       1.6954
    1519       1.6485
    1520       1.6141
    1521       1.5582
    1522       1.5229
    1523       1.6991
    1524       1.5031
    1525       1.5317
    1526       1.6732
    1527       1.6206
    1528       1.5822
    1529       1.6013
    1530       1.7646
    1531       1.6519
    1532       1.6292
    1533       1.7083
    1534       1.7980
    1535       1.7711
    1536       1.7044
    1537       1.8380
    1538       1.9161
    1539       1.8728
    1540       1.8492
    1541       1.8313
    1542       1.7787
    1543       1.8173
    1544       1.6253
    1545       1.7720
    1546       1.7613
    1547       1.7844
    1548       1.7170
    1549       1.7547
    1550       1.8270
    1551       1.7815
    1552       1.8081
    1553       1.8398
    1554       1.8909
    1555       1.6453
    1556       1.8480
    1557       1.8562
    1558       1.6598
    1559       1.6825
    1560       1.8714
    1561       1.7157
    1562       1.8654
    1563       1.9264
    1564       1.8657
    1565       1.9477
    1566       1.8047
    1567       1.7723
    1568       1.7981
    1569       1.8668
    1570       1.6955
    1571       1.6666
    1572       1.6744
    1573       1.8655
    1574       1.7660
    1575       1.8422
    1576       1.8574
    1577       1.7855
    1578       1.7680
    1579       1.7358
    1580       1.6718
    1581       1.6709
    1582       1.5899
    1583       1.6063
    1584       1.6695
    1585       1.6340
    1586       1.6099
    1587       1.6392
    1588       1.5835
    1589       1.5961
    1590       1.6451
    1591       1.7095
    1592       1.6979
    1593       1.8188
    1594       1.7476
    1595       1.8322
    1596       1.7027
    1597       1.7264
    1598       1.7849
    1599       1.6745
    1600       1.6028
    1601       1.6365
    1602       1.6570
    1603       1.6748
    1604       1.6732
    1605       1.6946
    1606       1.8433
    1607       1.6523
    1608       1.6954
    1609       1.7189
    1610       1.7598
    1611       1.8122
    1612       1.6647
    1613       1.7747
    1614       1.7101
    1615       1.7387
    1616       1.8064
    1617       1.8658
    1618       1.7832
    1619       1.7312
    1620       1.7810
    1621       1.6450
    1622       1.6026
    1623       1.6234
    1624       1.7236
    1625       1.7965
    1626       1.9664
    1627       1.9281
    1628       1.7664
    1629       1.7506
    1630       1.7193
    1631       1.7010
    1632       1.7377
    1633       1.6063
    1634       1.7200
    1635       1.7898
    1636       1.7541
    1637       1.7967
    1638       1.6817
    1639       1.7206
    1640       1.7458
    1641       1.7476
    1642       1.6851
    1643       1.7728
    1644       1.6363
    1645       1.6878
    1646       1.7258
    1647       1.6838
    1648       1.7585
    1649       1.6180
    1650       1.6915
    1651       1.6921
    1652       1.6291
    1653       1.6855
    1654       1.6600
    1655       1.6660
    1656       1.6493
    1657       1.6390
    1658       1.5838
    1659       1.7019
    1660       1.6443
    1661       1.7187
    1662       1.7202
    1663       1.6861
    1664       1.6964
    1665       1.6873
    1666       1.6498
    1667       1.6789
    1668       1.7192
    1669       1.6556
    1670       1.6619
    1671       1.7667
    1672       1.7446
    1673       1.6678
    1674       1.6617
    1675       1.7362
    1676       1.7107
    1677       1.7808
    1678       1.8871
    1679       1.7938
    1680       1.7565
    1681       1.5788
    1682       1.7257
    1683       1.6643
    1684       1.6734
    1685       1.6401
    1686       1.6757
    1687       1.6461
    1688       1.6868
    1689       1.6517
    1690       1.6422
    1691       1.6814
    1692       1.7072
    1693       1.6233
    1694       1.5115
    1695       1.5916
    1696       1.6801
    1697       1.5883
    1698       1.6781
    1699       1.7129
    1700       1.6606
    1701       1.6114
    1702       1.6227
    1703       1.5746
    1704       1.5251
    1705       1.5300
    1706       1.5643
    1707       1.5735
    1708       1.5804
    1709       1.5957
    1710       1.4816
    1711       1.5093
    1712       1.4561
    1713       1.5637
    1714       1.5597
    1715       1.4832
    1716       1.4395
    1717       1.4804
    1718       1.6753
    1719       1.5153
    1720       1.6457
    1721       1.6824
    1722       1.6123
    1723       1.4942
    1724       1.6574
    1725       1.5878
    1726       1.5756
    1727       1.6753
    1728       1.7073
    1729       1.6977
    1730       1.6605
    1731       1.6373
    1732       1.6427
    1733       1.6804
    1734       1.6811
    1735       1.7731
    1736       1.6595
    1737       1.6701
    1738       1.6254
    1739       1.6683
    1740       1.7413
    1741       1.6898
    1742       1.5595
    1743       1.6590
    1744       1.6979
    1745       1.6817
    1746       1.7227
    1747       1.7564
    1748       1.6018
    1749       1.5611
    1750       1.7148
    1751       1.6950
    1752       1.6380
    1753       1.5443
    1754       1.5976
    1755       1.5480
    1756       1.6775
    1757       1.8867
    1758       1.7345
    1759       1.6235
    1760       1.6295
    1761       1.5699
    1762       1.6500
    1763       1.7240
    1764       1.6749
    1765       1.6490
    1766       1.7204
    1767       1.7434
    1768       1.8150
    1769       1.8642
    1770       1.7524
    1771       1.7222
    1772       1.7229
    1773       1.7449
    1774       1.8347
    1775       1.8095
    1776       1.7896
    1777       1.8037
    1778       1.7622
    1779       1.7081
    1780       1.6774
    1781       1.6749
    1782       1.6306
    1783       1.7169
    1784       1.7184
    1785       1.7707
    1786       1.7088
    1787       1.6738
    1788       1.7144
    1789       1.6077
    1790       1.6456
    1791       1.8115
    1792       1.6048
    1793       1.7063
    1794       1.6049
    1795       1.7703
    1796       1.7058
    1797       1.6665
    1798       1.6549
    1799       1.7089
    1800       1.6325
    1801       1.5121
    1802       1.5686
    1803       1.6563
    1804       1.6336
    1805       1.7134
    1806       1.7563
    1807       1.6709
    1808       1.7349
    1809       1.7245
    1810       1.5557
    1811       1.5767
    1812       1.6839
    1813       1.6617
    1814       1.7154
    1815       1.6803
    1816       1.7128
    1817       1.6479
    1818       1.6745
    1819       1.7384
    1820       1.5792
    1821       1.5433
    1822       1.7717
    1823       1.6429
    1824       1.7083
    1825       1.7989
    1826       1.5024
    1827       1.6250
    1828       1.5154
    1829       1.7063
    1830       1.6169
    1831       1.5277
    1832       1.6171
    1833       1.6718
    1834       1.6754
    1835       1.6309
    1836       1.7543
    1837       1.8045
    1838       1.6436
    1839       1.5996
    1840       1.5553
    1841       1.6401
    1842       1.5764
    1843       1.5218
    1844       1.6490
    1845       1.5944
    1846       1.5405
    1847       1.6084
    1848       1.5932
    1849       1.5712
    1850       1.6707
    1851       1.6968
    1852       1.6788
    1853       1.7420
    1854       1.5378
    1855       1.6189
    1856       1.7068
    1857       1.7856
    1858       1.6479
    1859       1.5387
    1860       1.8288
    1861       1.7731
    1862       1.7793
    1863       1.5985
    1864       1.7799
    1865       1.7723
    1866       1.8227
    1867       1.8374
    1868       1.7012
    1869       1.9117
    1870       1.8818
    1871       1.9097
    1872       1.8283
    1873       1.6502
    1874       1.6312
    1875       1.5659
    1876       1.5860
    1877       1.7845
    1878       1.8258
    1879       1.8179
    1880       1.6307
    1881       1.8769
    1882       2.0481
    1883       1.8274
    1884       1.6541
    1885       1.7943
    1886       1.6734
    1887       1.7584
    1888       1.8912
    1889       1.7284
    1890       1.6538
    1891       1.6102
    1892       1.6549
    1893       1.7649
    1894       1.6682
    1895       1.5427
    1896       1.6725
    1897       1.6656
    1898       1.5821
    1899       1.6045
    1900       1.6637
    1901       1.8565
    1902       1.6265
    1903       1.6372
    1904       1.8025
    1905       1.6012
    1906       1.5841
    1907       1.5783
    1908       1.7748
    1909       1.8400
    1910       1.7843
    1911       1.7910
    1912       1.8202
    1913       1.6853
    1914       1.8686
    1915       1.5873
    1916       1.5737
    1917       1.8669
    1918       1.5961
    1919       1.6971
    1920       1.7949
    1921       1.8969
    1922       2.0233
    1923       2.1370
    1924       1.8358
    1925       1.7487
    1926       1.5896
    1927       1.6828
    1928       1.7721
    1929       1.7829
    1930       1.9663
    1931       1.6958
    1932       1.8063
    1933       1.6469
    1934       1.8300
    1935       1.7605
    1936       1.7126
    1937       1.6778
    1938       1.6785
    1939       1.6652
    1940       1.6667
    1941       1.6307
    1942       1.5633
    1943       1.5891
    1944       1.6693
    1945       1.7526
    1946       1.7109
    1947       1.6477
    1948       1.8851
    1949       2.0735
    1950       2.0785
    1951       2.0228
    1952       1.9898
    1953       2.0428
    1954       1.8248
    1955       1.8671
    1956       2.0335
    1957       2.0930
    1958       2.1139
    1959       2.1926
    1960       2.0053
    1961       1.9178
    1962       1.9325
    1963       2.0297
    1964       1.9003
    1965       2.0002
    1966       2.0000
    1967       2.0302
    1968       1.9781
    1969       1.9388
    1970       1.9608
    1971       1.8829
    1972       2.0774
    1973       2.2290
    1974       2.2393
    1975       2.0362
    1976       1.9857
    1977       1.9500
    1978       2.0302
    1979       1.9274
    1980       1.9463
    1981       2.0244
    1982       1.8183
    1983       1.8917
    1984       1.8796
    1985       1.7478
    1986       2.0780
    1987       1.8269
    1988       1.9629
    1989       1.9979
    1990       1.9001
    1991       1.8422
    1992       1.8945
    1993       1.8163
    1994       1.8855
    1995       1.8499
    1996       1.9314
    1997       1.9467
    1998       1.7569
    1999       1.8721
    2000       1.8392
    2001       1.8267
    2002       1.8791
    2003       1.8758
    2004       1.8225
    2005       1.7930
    2006       2.0057
    2007       1.9767
    2008       2.0547
    2009       1.9563
    2010       1.9897
    2011       1.9572
    2012       1.8877
    2013       2.1891
    2014       1.9822
    2015       2.0878
    2016       2.0100
    2017       2.0509
    2018       2.0332
    2019       2.0389
    2020       1.8478
    2021       1.9502
    2022       2.0736
    2023       2.1008
    2024       2.0459
    2025       2.0606
    2026       1.9891
    2027       2.1294
    2028       2.1552
    2029       2.1831
    2030       2.0701
    2031       2.2062
    2032       2.1039
    2033       2.0973
    2034       2.1381
    2035       2.1971
    2036       2.1400
    2037       2.1162
    2038       2.1577
    2039       2.1809
    2040       2.1058
    2041       2.1297
    2042       2.1870
    2043       2.1278
    2044       2.1307
    2045       2.1095
    2046       1.9984
    2047       1.9678
    2048       2.0907
    2049       2.1193
    2050       2.1251
    2051       2.1151
    2052       1.9909
    2053       1.9778
    2054       2.0211
    2055       2.0550
    2056       2.0634
    2057       2.0286
    2058       2.0807
    2059       2.0880
    2060       2.0597
    2061       1.9046
    2062       1.9272
    2063       1.8945
    2064       1.8460
    2065       2.0363
    2066       2.0048
    2067       1.9537
    2068       1.8998
    2069       1.9341
    2070       1.8254
    2071       2.0363
    2072       1.9201
    2073       1.9158
    2074       2.0504
    2075       1.9088
    2076       1.8852
    2077       2.0122
    2078       2.0633
    2079       1.9135
    2080       1.9124
    2081       1.7960
    2082       1.9604
    2083       1.9501
    2084       1.8937
    2085       1.8153
    2086       1.9387
    2087       1.9488
    2088       1.8993
    2089       2.0267
    2090       2.0411
    2091       1.9789
    2092       1.9288
    2093       2.0107
    2094       2.0381
    2095       1.8840
    2096       2.0242
    2097       1.8707
    2098       1.9668
    2099       1.8986
    2100       1.9359
    2101       1.9443
    2102       1.9841
    2103       1.9778
    2104       1.9779
    2105       1.9424
    2106       2.0150
    2107       1.9726
    2108       1.9609
    2109       1.9964
    2110       2.0123
    2111       1.9650
    2112       2.1224
    2113       1.9158
    2114       1.9981
    2115       1.9345
    2116       2.1803
    2117       2.0069
    2118       1.8022
    2119       1.8031
    2120       1.9835
    2121       1.8254
    2122       1.9694
    2123       1.9741
    2124       1.9405
    2125       1.8842
    2126       2.0256
    2127       1.9364
    2128       1.8566
    2129       1.9210
    2130       1.9368
    2131       1.8031
    2132       1.8768
    2133       1.8571
    2134       1.9186
    2135       1.9874
    2136       1.7807
    2137       1.7585
    2138       2.0308
    2139       1.9817
    2140       1.9606
    2141       1.9817
    2142       1.9608
    2143       2.2281
    2144       2.0765
    2145       1.9800
    2146       2.0855
    2147       2.0137
    2148       2.0004
    2149       1.9764
    2150       1.9606
    2151       2.0240
    2152       2.0042
    2153       2.0764
    2154       1.9183
    2155       1.9031
    2156       1.8906
    2157       1.9693
    2158       1.9021
    2159       1.8745
    2160       1.7159
    2161       1.8660
    2162       2.0114
    2163       2.0455
    2164       2.0603
    2165       1.9548
    2166       2.0512
    2167       2.1767
    2168       2.0825
    2169       2.1040
    2170       2.1115
    2171       1.9793
    2172       2.0271
    2173       2.0191
    2174       2.0137
    2175       1.9677
    2176       2.1328
    2177       1.9389
    2178       2.1106
    2179       2.0829
    2180       2.0306
    2181       1.7786
    2182       1.9353
    2183       1.9897
    2184       2.0497
    2185       1.8230
    2186       1.8591
    2187       1.9496
    2188       1.9016
    2189       1.8267
    2190       1.7816
    2191       1.8182
    2192       1.8200
    2193       1.8835
    2194       2.0807
    2195       1.9533
    2196       1.8974
    2197       2.0842
    2198       1.9941
    2199       1.9972
    2200       2.0571
    2201       2.0232
    2202       1.9012
    2203       1.9095
    2204       1.8905
    2205       1.8655
    2206       1.8422
    2207       1.9682
    2208       1.6825
    2209       1.5721
    2210       1.5781
    2211       1.5562
    2212       1.6023
    2213       1.4218
    2214       1.4266
    2215       1.5228
    2216       1.4005
    2217       1.4366
    2218       1.4746
    2219       1.6443
    2220       1.5197
    2221       1.4295
    2222       1.5909
    2223       1.6740
    2224       1.7577
    2225       1.7155
    2226       1.6808
    2227       1.5609
    2228       1.5265
    2229       1.4399
    2230       1.4185
    2231       1.4065
    2232       1.4582
    2233       1.6502
    2234       1.5356
    2235       1.4600
    2236       1.5385
    2237       1.4738
    2238       1.4628
    2239       1.2679
    2240       1.4209
    2241       1.6833
    2242       1.3848
    2243       1.6174
    2244       1.6577
    2245       1.6692
    2246       1.6006
    2247       1.5570
    2248       1.5454
    2249       1.7019
    2250       1.6532
    2251       1.6151
    2252       1.9264
    2253       1.8368
    2254       1.8462
    2255       1.8554
    2256       1.9141
    2257       1.7758
    2258       1.7201
    2259       1.6174
    2260       1.6865
    2261       1.6427
    2262       1.5557
    2263       1.6854
    2264       1.6256
    2265       1.6033
    2266       1.6533
    2267       1.6472
    2268       1.6107
    2269       1.8039
    2270       1.7715
    2271       1.6550
    2272       1.7134
    2273       1.6500
    2274       1.4899
    2275       1.4420
    2276       1.4373
    2277       1.4851
    2278       1.4060
    2279       1.4215
    2280       1.3958
    2281       1.3886
    2282       1.4057
    2283       1.5195
    2284       1.4625
    2285       1.7092
    2286       1.5177
    2287       1.3676
    2288       1.4445
    2289       1.4463
    2290       1.2600
    2291       1.4621
    2292       1.5541
    2293       1.4077
    2294       1.4671
    2295       1.4765
    2296       1.6464
    2297       1.7171
    2298       1.8331
    2299       1.8037
    2300       1.8343
    2301       1.6770
    2302       1.7388
    2303       1.6836
    2304       1.4874
    2305       1.4903
    2306       1.5663
    2307       1.4229
    2308       1.4075
    2309       1.4077
    2310       1.4312
    2311       1.5393
    2312       1.4917
    2313       1.5890
    2314       1.5560
    2315       1.5720
    2316       1.4371
    2317       1.5459
    2318       1.5403
    2319       1.4586
    2320       1.4400
    2321       1.5144
    2322       1.5624
    2323       1.4908
    2324       1.6138
    2325       1.5366
    2326       1.3959
    2327       1.4824
    2328       1.4597
    2329       1.4913
    2330       1.4953
    2331       1.4473
    2332       1.4566
    2333       1.4921
    2334       1.4932
    2335       1.6380
    2336       1.5083
    2337       1.5547
    2338       1.5027
    2339       1.5281
    2340       1.4669
    2341       1.6163
    2342       1.4561
    2343       1.4691
    2344       1.4667
    2345       1.5607
    2346       1.5259
    2347       1.5723
    2348       1.5771
    2349       1.4482
    2350       1.4756
    2351       1.4596
    2352       1.5051
    2353       1.4883
    2354       1.6394
    2355       1.4692
    2356       1.4094
    2357       1.3833
    2358       1.5369
    2359       1.4957
    2360       1.5236
    2361       1.5329
    2362       1.3917
    2363       1.3513
    2364       1.5057
    2365       1.4066
    2366       1.4200
    2367       1.5716
    2368       1.5372
    2369       1.5866
    2370       1.5430
    2371       1.5432
    2372       1.5951
    2373       1.3970
    2374       1.4330
    2375       1.4581
    2376       1.5846
    2377       1.6623
    2378       1.7131
    2379       1.5895
    2380       1.7023
    2381       1.5594
    2382       1.5551
    2383       1.6808
    2384       1.4945
    2385       1.5493
    2386       1.5394
    2387       1.6119
    2388       1.5023
    2389       1.3680
    2390       1.4661
    2391       1.5705
    2392       1.5475
    2393       1.6514
    2394       1.7167
    2395       1.6445
    2396       1.5689
    2397       1.6834
    2398       1.7114
    2399       1.7200
    2400       1.6072
    2401       1.7599
    2402       1.8376
    2403       1.8969
    2404       1.7905
    2405       1.8731
    2406       1.8614
    2407       1.9142
    2408       1.5823
    2409       1.8508
    2410       1.6829
    2411       1.6430
    2412       1.4826
    2413       1.6417
    2414       1.6360
    2415       1.5261
    2416       1.5272
    2417       1.4764
    2418       1.4245
    2419       1.5247
    2420       1.4758
    2421       1.4074
    2422       1.4387
    2423       1.4401
    2424       1.4400
    2425       1.3860
    2426       1.4285
    2427       1.3078
    2428       1.3316
    2429       1.4250
    2430       1.3869
    2431       1.3843
    2432       1.4887
    2433       1.3628
    2434       1.3200
    2435       1.3913
    2436       1.3871
    2437       1.3734
    2438       1.2837
    2439       1.4330
    2440       1.3872
    2441       1.4003
    2442       1.4274
    2443       1.3579
    2444       1.4104
    2445       1.3860
    2446       1.3393
    2447       1.3731
    2448       1.3803
    2449       1.3673
    2450       1.4208
    2451       1.7132
    2452       1.6183
    2453       1.5307
    2454       1.6580
    2455       1.6569
    2456       1.6052
    2457       1.6571
    2458       1.5825
    2459       1.5333
    2460       1.5508
    2461       1.7250
    2462       1.5516
    2463       1.6567
    2464       1.6171
    2465       1.5311
    2466       1.5588
    2467       1.5857
    2468       1.6687
    2469       1.5465
    2470       1.5302
    2471       1.5549
    2472       1.6221
    2473       1.5719
    2474       1.5817
    2475       1.6048
    2476       1.6246
    2477       1.6916
    2478       1.6103
    2479       1.6364
    2480       1.6207
    2481       1.6826
    2482       1.5919
    2483       1.5445
    2484       1.5977
    2485       1.6009
    2486       1.6175
    2487       1.6308
    2488       1.6854
    2489       1.6258
    2490       1.6051
    2491       1.5972
    2492       1.6701
    2493       1.5703
    2494       1.6312
    2495       1.5361
    2496       1.6110
    2497       1.5861
    2498       1.5688
    2499       1.5505
    2500       1.6330
    2501       1.6852
    2502       1.6077
    2503       1.5836
    2504       1.6291
    2505       1.6634
    2506       1.6642
    2507       1.6110
    2508       1.5964
    2509       1.6106
    2510       1.7166
    2511       1.6492
    2512       1.5994
    2513       1.6914
    2514       1.7462
    2515       1.6400
    2516       1.5786
    2517       1.5784
    2518       1.5534
    2519       1.6526
    2520       1.6521
    2521       1.5961
    2522       1.6300
    2523       1.6325
    2524       1.6372
    2525       1.6400
    2526       1.6283
    2527       1.6431
    2528       1.6230
    2529       1.5770
    2530       1.5488
    2531       1.6307
    2532       1.6379
    2533       1.6101
    2534       1.6644
    2535       1.6866
    2536       1.5977
    2537       1.6567
    2538       1.6356
    2539       1.6760
    2540       1.6050
    2541       1.6494
    2542       1.6538
    2543       1.6448
    2544       1.6260
    2545       1.6060
    2546       1.6827
    2547       1.5838
    2548       1.7552
    2549       1.7048
    2550       1.5970
    2551       1.6152
    2552       1.6305
    2553       1.6623
    2554       1.6316
    2555       1.6626
    2556       1.5384
    2557       1.5558
    2558       1.6517
    2559       1.4288
    2560       1.2897
    2561       1.5025
    2562       1.3795
    2563       1.5992
    2564       1.6637
    2565       1.7575
    2566       1.4877
    2567       1.8984
    2568       1.5774
    2569       1.5299
    2570       1.6034
    2571       1.9376
    2572       1.7215
    2573       1.7569
    2574       1.5490
    2575       1.5319
    2576       1.4178
    2577       1.5346
    2578       1.5790
    2579       1.5761
    2580       1.5342
    2581       1.6320
    2582       1.5842
    2583       1.4759
    2584       1.4080
    2585       1.3274
    2586       1.2879
    2587       1.3198
    2588       1.3614
    2589       1.3464
    2590       1.3633
    2591       1.3850
    2592       1.3796
    2593       1.3574
    2594       1.3478
    2595       1.2761
    2596       1.3617
    2597       1.5001
    2598       1.4540
    2599       1.2944
    2600       1.3526
    2601       1.4349
    2602       1.3112
    2603       1.3659
    2604       1.3222
    2605       1.2818
    2606       1.3004
    2607       1.2780
    2608       1.3269
    2609       1.2029
    2610       1.2381
    2611       1.3099
    2612       1.2740
    2613       1.3320
    2614       1.2883
    2615       1.2209
    2616       1.3987
    2617       1.4504
    2618       1.2591
    2619       1.3449
    2620       1.2226
    2621       1.2273
    2622       1.4043
    2623       1.3043
    2624       1.4926
    2625       1.4682
    2626       1.3924
    2627       1.3662
    2628       1.4116
    2629       1.5824
    2630       1.4310
    2631       1.4381
    2632       1.4575
    2633       1.5578
    2634       1.4658
    2635       1.3169
    2636       1.5323
    2637       1.5350
    2638       1.5217
    2639       1.3925
    2640       1.3918
    2641       1.3606
    2642       1.3592
    2643       1.5064
    2644       1.4422
    2645       1.4571
    2646       1.4044
    2647       1.3934
    2648       1.5235
    2649       1.4751
    2650       1.4210
    2651       1.3055
    2652       1.5461
    2653       1.4267
    2654       1.5646
    2655       1.5663
    2656       1.3799
    2657       1.2718
    2658       1.2567
    2659       1.2713
    2660       1.4209
    2661       1.3366
    2662       1.2927
    2663       1.3646
    2664       1.4183
    2665       1.4525
    2666       1.3274
    2667       1.2215
    2668       1.2302
    2669       1.2345
    2670       1.2270
    2671       1.2384
    2672       1.4315
    2673       1.2947
    2674       1.2937
    2675       1.2661
    2676       1.2679
    2677       1.2465
    2678       1.2644
    2679       1.2953
    2680       1.3068
    2681       1.2622
    2682       1.3373
    2683       1.2671
    2684       1.1930
    2685       1.1832
    2686       1.2645
    2687       1.3537
    2688       1.3869
    2689       1.3008
    2690       1.3419
    2691       1.2119
    2692       1.3300
    2693       1.4636
    2694       1.4066
    2695       1.3466
    2696       1.2724
    2697       1.2992
    2698       1.2587
    2699       1.3364
    2700       1.3104
    2701       1.2790
    2702       1.3088
    2703       1.2712
    2704       1.3718
    2705       1.4165
    2706       1.3982
    2707       1.3474
    2708       1.4534
    2709       1.4404
    2710       1.4375
    2711       1.4494
    2712       1.3502
    2713       1.3538
    2714       1.4849
    2715       1.3042
    2716       1.4560
    2717       1.3093
    2718       1.5282
    2719       1.3504
    2720       1.3576
    2721       1.4237
    2722       1.5319
    2723       1.5043
    2724       1.5921
    2725       1.7375
    2726       1.5025
    2727       1.5102
    2728       1.2094
    2729       1.2039
    2730       1.3755
    2731       1.2881
    2732       1.1799
    2733       1.2948
    2734       1.3827
    2735       1.2632
    2736       1.2273
    2737       1.2484
    2738       1.2382
    2739       1.3105
    2740       1.2310
    2741       1.2041
    2742       1.2225
    2743       1.1441
    2744       1.1624
    2745       1.1956
    2746       1.1958
    2747       1.1944
    2748       1.2008
    2749       1.3190
    2750       1.1074
    2751       1.1450
    2752       1.0607
    2753       1.1455
    2754       1.0945
    2755       1.0776
    2756       1.1410
    2757       1.0831
    2758       1.2159
    2759       1.1513
    2760       1.2202
    2761       1.3063
    2762       1.2954
    2763       1.2406
    2764       1.1809
    2765       1.1225
    2766       1.2802
    2767       1.3904
    2768       1.1732
    2769       1.3832
    2770       1.2387
    2771       1.2511
    2772       1.2463
    2773       1.2480
    2774       1.2109
    2775       1.2163
    2776       1.2521
    2777       1.2781
    2778       1.2528
    2779       1.2823
    2780       1.2358
    2781       1.2785
    2782       1.3125
    2783       1.3655
    2784       1.3314
    2785       1.2959
    2786       1.2956
    2787       1.1608
    2788       1.2645
    2789       1.1555
    2790       1.2592
    2791       1.3220
    2792       1.2131
    2793       1.1831
    2794       1.1989
    2795       1.1259
    2796       1.1871
    2797       1.1507
    2798       1.2088
    2799       1.1610
    2800       1.2315
    2801       1.2304
    2802       1.1883
    2803       1.2656
    2804       1.1054
    2805       1.2764
    2806       1.1262
    2807       1.3537
    2808       1.1915
    2809       1.1917
    2810       1.2638
    2811       1.3101
    2812       1.2656
    2813       1.2124
    2814       1.3200
    2815       1.2552
    2816       1.2285
    2817       1.3238
    2818       1.3501
    2819       1.3043
    2820       1.1940
    2821       1.1952
    2822       1.1436
    2823       1.1566
    2824       1.1364
    2825       1.1211
    2826       1.1653
    2827       1.2019
    2828       1.1804
    2829       1.1975
    2830       1.2339
    2831       1.2878
    2832       1.1769
    2833       1.3780
    2834       1.2660
    2835       1.2781
    2836       1.3402
    2837       1.1843
    2838       1.2148
    2839       1.2384
    2840       1.1636
    2841       1.3032
    2842       1.1921
    2843       1.2434
    2844       1.2269
    2845       1.2174
    2846       1.2557
    2847       1.1749
    2848       1.1909
    2849       1.1493
    2850       1.1588
    2851       1.2679
    2852       1.2141
    2853       1.3017
    2854       1.2178
    2855       1.2517
    2856       1.2645
    2857       1.2830
    2858       1.2171
    2859       1.1489
    2860       1.3050
    2861       1.2766
    2862       1.3091
    2863       1.3117
    2864       1.2275
    2865       1.3067
    2866       1.2185
    2867       1.1833
    2868       1.2640
    2869       1.1974
    2870       1.1681
    2871       1.2612
    2872       1.2355
    2873       1.3510
    2874       1.2323
    2875       1.2616
    2876       1.2214
    2877       1.3734
    2878       1.2472
    2879       1.1686
    2880       1.3889
    2881       1.2514
    2882       1.3202
    2883       1.2745
    2884       1.2334
    2885       1.2561
    2886       1.2921
    2887       1.3287
    2888       1.3364
    2889       1.1140
    2890       1.2109
    2891       1.3656
    2892       1.2584
    2893       1.3302
    2894       1.3008
    2895       1.2181
    2896       1.2667
    2897       1.1736
    2898       1.2744
    2899       1.1329
    2900       1.2867
    2901       1.2436
    2902       1.2403
    2903       1.1907
    2904       1.3079
    2905       1.2837
    2906       1.1669
    2907       1.2213
    2908       1.2212
    2909       1.2591
    2910       1.2243
    2911       1.2635
    2912       1.2751
    2913       1.2130
    2914       1.2584
    2915       1.2493
    2916       1.3172
    2917       1.2748
    2918       1.2315
    2919       1.3561
    2920       1.3030
    2921       1.2729
    2922       1.2555
    2923       1.3420
    2924       1.2688
    2925       1.3157
    2926       1.2701
    2927       1.3535
    2928       1.2102
    2929       1.2614
    2930       1.3283
    2931       1.2331
    2932       1.2248
    2933       1.4039
    2934       1.2798
    2935       1.4251
    2936       1.2868
    2937       1.2391
    2938       1.3683
    2939       1.3088
    2940       1.2221
    2941       1.2972
    2942       1.3492
    2943       1.3023
    2944       1.2798
    2945       1.2669
    2946       1.2657
    2947       1.3037
    2948       1.2771
    2949       1.2935
    2950       1.2945
    2951       1.2408
    2952       1.3241
    2953       1.3396
    2954       1.2659
    2955       1.2812
    2956       1.4563
    2957       1.2785
    2958       1.3086
    2959       1.3948
    2960       1.3193
    2961       1.2941
    2962       1.3340
    2963       1.3462
    2964       1.3817
    2965       1.2888
    2966       1.2310
    2967       1.3635
    2968       1.3004
    2969       1.4067
    2970       1.4484
    2971       1.4062
    2972       1.3234
    2973       1.2679
    2974       1.2455
    2975       1.3772
    2976       1.2785
    2977       1.2425
    2978       1.3705
    2979       1.1885
    2980       1.2899
    2981       1.3156
    2982       1.2309
    2983       1.3185
    2984       1.3603
    2985       1.3706
    2986       1.3943
    2987       1.3297
    2988       1.3448
    2989       1.3691
    2990       1.3969
    2991       1.3861
    2992       1.4365
    2993       1.3346
    2994       1.3529
    2995       1.4293
    2996       1.3195
    2997       1.3967
    2998       1.3827
    2999       1.4588
    3000       1.4767
