Run semi-empirical minimization
 &qmmm
    qm_theory='AM1', grms_tol=0.0005,
 scfconv=1.d-10, ndiis_attempts=700,   qmcharge=0,
 /
   6   CH3       20.6710       28.5220       35.8160 
   6     C       21.4750       27.2690       36.1620 
   8     O       20.8660       26.2200       36.3330 
   1   H31       21.0980       29.3760       36.3420 
   1   H32       19.6340       28.3810       36.1200 
   1   H33       20.7080       28.7030       34.7420 
   6   CA1       23.6740       26.2600       36.7140 
   6   CA2       26.1630       27.7230       38.8190 
   6   CA3       22.8670       26.4200       39.6580 
   6   CB1       24.3390       25.7210       35.3960 
   6   CB2       27.3610       28.2950       39.0720 
   6   CG1       24.9710       26.7630       34.5310 
   6   CG2       28.3360       28.7020       38.1070 
   8   OG1       25.2850       24.7810       35.7450 
   6   CD1       28.2890       28.4680       36.7650 
   6   CD2       29.5880       29.4400       38.2710 
   6   CE2       30.1810       29.5790       36.9800 
   6   CE3       30.2380       29.9820       39.3810 
   7   NE1       29.3650       28.9740       36.0730 
   6   CZ2       31.4300       30.2600       36.7850 
   6   CZ3       31.4440       30.6420       39.2060 
   6   CH2       32.0140       30.7710       37.9430 
   6    C1       24.5210       26.8190       37.7800 
   7    N1       22.7970       27.4420       36.3540 
   6    C2       25.1080       27.4310       39.8060 
   7    N2       25.7400       27.3170       37.5630 
   8    O2       25.0860       27.6380       41.0420 
   6    C3       22.6340       25.0660       40.1180 
   7    N3       24.1310       26.8720       39.0720 
   8    O3       21.7220       24.8900       40.9310 
   1   H01       23.2090       25.3550       37.1040 
   1   H02       22.8650       26.9660       40.6010 
   1   H03       22.1030       26.6140       38.9050 
   1   H04       23.5340       25.3000       34.7940 
   1   H05       27.6100       28.4640       40.1200 
   1   H06       27.4730       27.9290       36.2840 
   1   H07       25.9690       26.4350       34.2390 
   1   H08       24.3630       26.9130       33.6390 
   1   H09       25.0440       27.7000       35.0840 
   1   H10       25.5260       24.2670       34.9710 
   1   H11       32.9640       31.2980       37.8550 
   1   H12       29.8020       29.8870       40.3750 
   1   H13       31.8880       30.3700       35.8020 
   1   H14       31.9540       31.0670       40.0710 
   1   H15       23.2040       28.3610       36.2580 
   1   H16       29.5210       28.9090       35.0770 
   7     N       23.5220       24.1880       39.6920 
   6   CH4       23.3500       22.7570       40.0320 
   1   H41       22.8820       22.2110       39.2130 
   1   H42       22.7150       22.6920       40.9160 
   1   H43       24.3290       22.3180       40.2230 
   1   H17       24.3120       24.4890       39.1390 

