Run semi-empirical minimization
 &qmmm
    qm_theory='AM1', grms_tol=0.0005,
 scfconv=1.d-10, ndiis_attempts=700,   qmcharge=0,
 /
   7     N       75.4850       35.8650       12.6370 
   6   CA1       72.1210       35.3600       14.0440 
   6   CA2       74.1610       32.9930       15.9000 
   6   CA3       74.2770       33.8300       12.3650 
   6     C       70.9460       34.7160       12.0280 
   8     O       71.6080       35.4440       11.3430 
   6   CB2       74.5990       32.2140       16.9420 
   6   CG2       74.1880       32.0270       18.2640 
   6   CD1       73.1020       32.7820       18.7990 
   6   CD2       74.8100       31.1160       19.1710 
   6   CE1       72.6910       32.6510       20.1080 
   6   CE2       74.4230       30.9650       20.4690 
   6    CZ       73.3290       31.7200       21.0490 
   6   CH3       69.8200       33.9470       11.4250 
   6   CH4       76.3970       36.9410       12.2300 
   8    OH       72.9810       31.6070       22.2820 
   6    C1       73.1060       34.3700       14.5860 
   7    N1       71.0930       34.6160       13.3430 
   6    C2       74.7660       32.8500       14.5710 
   7    N2       73.1580       33.9640       15.8430 
   8    O2       75.7060       32.1700       14.1750 
   6    C3       75.2700       34.8330       11.8610 
   7    N3       74.1160       33.7800       13.7660 
   8    O3       75.8060       34.7000       10.7510 
   1   H05       75.4630       31.6030       16.6780 
   1   H06       72.5800       33.4860       18.1510 
   1   H07       71.8600       33.2620       20.4590 
   1   H08       74.9560       30.2490       21.0950 
   1   H09       75.6380       30.5090       18.8060 
   1   H12       73.0570       32.4600       22.7160 
   1   H01       72.6140       36.0600       13.3700 
   1   H02       71.6770       35.9290       14.8610 
   1   H03       74.6670       32.8540       12.0760 
   1   H04       73.3080       34.0660       11.9240 
   1   H10       70.4770       34.0100       13.8660 
   1   H11       75.0160       35.9220       13.5300 
   1   H31       69.8280       32.9030       11.7380 
   1   H32       69.8940       33.9500       10.3380 
   1   H33       68.9040       34.4320       11.7630 
   1   H41       76.9080       36.6450       11.3140 
   1   H42       77.1250       37.1160       13.0220 
   1   H43       75.8360       37.8590       12.0520 

