#Res        AtomicFlx
   1.000       4.6577
   2.000       2.7771
   3.000       3.4752
   4.000       2.0056
   5.000       2.4259
   6.000       2.5714
   7.000       1.9764
   8.000       1.7155
   9.000       2.2227
  10.000       1.8066
  11.000       1.7882
  12.000       1.4599
  13.000       1.4502
  14.000       1.2300
  15.000       1.5275
  16.000       1.3197
  17.000       1.7561
  18.000       1.3346
  19.000       1.6978
  20.000       1.5978
  21.000       1.8864
  22.000       2.0115
  23.000       2.2583
  24.000       2.3037
  25.000       2.6874
  26.000       2.4000
  27.000       1.7495
  28.000       1.7001
  29.000       1.4201
  30.000       1.5252
  31.000       1.3094
  32.000       1.7592
  33.000       1.2705
  34.000       1.5902
  35.000       1.2582
  36.000       1.5901
  37.000       1.4719
  38.000       1.8603
  39.000       2.3359
  40.000       1.2519
  41.000       1.7240
  42.000       1.2262
  43.000       1.4261
  44.000       1.3039
  45.000       1.7606
  46.000       1.2371
  47.000       1.8455
  48.000       1.7354
  49.000       1.9829
  50.000       2.1389
  51.000       2.1415
  52.000       2.6131
  53.000       1.7777
  54.000       1.8936
  55.000       1.6579
  56.000       1.5734
  57.000       1.3891
  58.000       1.2503
  59.000       1.1874
  60.000       1.0629
  61.000       0.7671
  62.000       0.6748
  63.000       0.7402
  64.000       0.6938
  65.000       0.2389
  66.000       0.8958
  67.000       0.8799
  68.000       1.0401
  69.000       1.1417
  70.000       1.2276
  71.000       2.0970
  72.000       1.5352
  73.000       1.9626
  74.000       2.5579
  75.000       2.4481
  76.000       2.0686
  77.000       2.1855
  78.000       2.4645
  79.000       1.7505
  80.000       1.5433
  81.000       1.4086
  82.000       1.1230
  83.000       1.4371
  84.000       1.6330
  85.000       1.5385
  86.000       1.5003
  87.000       1.7625
  88.000       2.2672
  89.000       1.4117
  90.000       1.0350
  91.000       1.3817
  92.000       1.0164
  93.000       1.4797
  94.000       0.8250
  95.000       1.2714
  96.000       1.1579
  97.000       1.6311
  98.000       1.5115
  99.000       2.2128
 100.000       2.4349
 101.000       2.1102
 102.000       1.7147
 103.000       1.7170
 104.000       1.2757
 105.000       1.6782
 106.000       1.1460
 107.000       2.2446
 108.000       1.0019
 109.000       1.5227
 110.000       1.1891
 111.000       1.6411
 112.000       1.8379
 113.000       2.1961
 114.000       2.1237
 115.000       2.1231
 116.000       1.5926
 117.000       1.4620
 118.000       1.4943
 119.000       1.1957
 120.000       2.4727
 121.000       1.0517
 122.000       1.7493
 123.000       1.3222
 124.000       1.8654
 125.000       1.6263
 126.000       2.0613
 127.000       2.2517
 128.000       1.8830
 129.000       2.9587
 130.000       3.0735
 131.000       3.0565
 132.000       2.3166
 133.000       2.1090
 134.000       1.8515
 135.000       2.1671
 136.000       2.2580
 137.000       2.1629
 138.000       2.5019
 139.000       1.8834
 140.000       2.2385
 141.000       1.7797
 142.000       2.1028
 143.000       1.7669
 144.000       1.9587
 145.000       1.6218
 146.000       1.0936
 147.000       1.4571
 148.000       1.1034
 149.000       1.9568
 150.000       1.4260
 151.000       1.8597
 152.000       1.7702
 153.000       1.8599
 154.000       3.4840
 155.000       4.2204
 156.000       3.5277
 157.000       2.6034
 158.000       1.6064
 159.000       1.4277
 160.000       1.7053
 161.000       1.0388
 162.000       1.4636
 163.000       0.9012
 164.000       1.6551
 165.000       1.3716
 166.000       2.3550
 167.000       1.7809
 168.000       2.1006
 169.000       2.1407
 170.000       2.8718
 171.000       2.7389
 172.000       2.4968
 173.000       2.3597
 174.000       2.2112
 175.000       2.0920
 176.000       1.8641
 177.000       1.3677
 178.000       1.5248
 179.000       1.0080
 180.000       1.3936
 181.000       0.8353
 182.000       1.6744
 183.000       1.0766
 184.000       1.4612
 185.000       1.6073
 186.000       1.8589
 187.000       2.0363
 188.000       2.8039
 189.000       2.2817
 190.000       2.4097
 191.000       2.0604
 192.000       1.9281
 193.000       2.0310
 194.000       1.6967
 195.000       2.5267
 196.000       2.1454
 197.000       1.6875
 198.000       2.0201
 199.000       1.2144
 200.000       1.2665
 201.000       1.2347
 202.000       1.6887
 203.000       1.2086
 204.000       1.2456
 205.000       1.4375
 206.000       1.5351
 207.000       1.9801
 208.000       2.0911
 209.000       2.4065
 210.000       2.7165
 211.000       2.3258
 212.000       3.0755
 213.000       2.2681
 214.000       1.9318
 215.000       1.7698
 216.000       1.3865
 217.000       1.3780
 218.000       1.1085
 219.000       1.5259
 220.000       0.9982
 221.000       1.7670
 222.000       1.0795
 223.000       1.3911
 224.000       1.5753
 225.000       2.6606
 226.000       3.6811
 227.000       5.1326
