#Frame     RMSD_00002
       1       0.0000
       2       0.6653
       3       0.6433
       4       0.7196
       5       0.6905
       6       0.9190
       7       0.8222
       8       0.9129
       9       0.7463
      10       0.8286
      11       0.7863
      12       0.9061
      13       0.8952
      14       0.8386
      15       0.9238
      16       0.9722
      17       0.9829
      18       0.9301
      19       0.8943
      20       0.9935
      21       1.0431
      22       1.1024
      23       1.0646
      24       1.1146
      25       1.1446
      26       1.1922
      27       1.1222
      28       1.1361
      29       1.2334
      30       1.1725
      31       1.1425
      32       1.0696
      33       1.0705
      34       0.9341
      35       1.0312
      36       0.9959
      37       1.2298
      38       1.2113
      39       1.1807
      40       1.2081
      41       1.1441
      42       1.0668
      43       1.0209
      44       1.0665
      45       1.0471
      46       0.9791
      47       0.9750
      48       0.9702
      49       1.0970
      50       0.9769
      51       1.0124
      52       1.0021
      53       1.0957
      54       0.9893
      55       1.0288
      56       1.0343
      57       0.9788
      58       1.0671
      59       1.0318
      60       1.0782
      61       1.1562
      62       1.0407
      63       1.0540
      64       1.0734
      65       1.0611
      66       0.9747
      67       1.0387
      68       1.0199
      69       1.0525
      70       1.0838
      71       1.0703
      72       1.0643
      73       1.0560
      74       1.2004
      75       1.0591
      76       1.0156
      77       1.0687
      78       1.0214
      79       1.0086
      80       0.9690
      81       0.9628
      82       0.9761
      83       0.9624
      84       1.0248
      85       0.9886
      86       0.9908
      87       1.0474
      88       0.8848
      89       0.8769
      90       0.9898
      91       1.0062
      92       0.9676
      93       1.0316
      94       0.9421
      95       1.0018
      96       0.9774
      97       0.9564
      98       1.0187
      99       0.9298
     100       0.9881
     101       1.0439
     102       0.9837
     103       0.9707
     104       0.9482
     105       0.9417
     106       0.9122
     107       0.9621
     108       0.9950
     109       0.9444
     110       0.9276
     111       0.9307
     112       1.1138
     113       1.0677
     114       0.9870
     115       0.9902
     116       1.0330
     117       0.9589
     118       1.0119
     119       0.9539
     120       0.9991
     121       1.0459
     122       0.9805
     123       0.9180
     124       0.9486
     125       0.8807
     126       0.9548
     127       1.0699
     128       1.0038
     129       1.0169
     130       1.0771
     131       1.1549
     132       0.9641
     133       0.9851
     134       1.0874
     135       1.0498
     136       1.0255
     137       1.1204
     138       1.0014
     139       0.8429
     140       1.1101
     141       1.0210
     142       0.9814
     143       1.0235
     144       1.0436
     145       0.9070
     146       0.8638
     147       1.0672
     148       0.9723
     149       0.9502
     150       0.9711
     151       1.0186
     152       0.9631
     153       0.9970
     154       1.0498
     155       0.9166
     156       0.9068
     157       0.9946
     158       1.0040
     159       0.9043
     160       1.0476
     161       1.0943
     162       1.1035
     163       1.0418
     164       1.0314
     165       1.0926
     166       1.0719
     167       0.9682
     168       1.0668
     169       0.9480
     170       1.0594
     171       1.0473
     172       1.0656
     173       0.9379
     174       1.0029
     175       0.9335
     176       1.0848
     177       1.0965
     178       1.0080
     179       0.9949
     180       0.9549
     181       0.9017
     182       1.0084
     183       1.0106
     184       1.0434
     185       0.9781
     186       0.9782
     187       0.9938
     188       1.0597
     189       1.0193
     190       1.0092
     191       1.2475
     192       1.2282
     193       1.1968
     194       1.3776
     195       1.1526
     196       1.0998
     197       1.0813
     198       1.2055
     199       1.0972
     200       1.2445
     201       1.2191
     202       1.2192
     203       1.3108
     204       1.2195
     205       1.1021
     206       1.0619
     207       1.2299
     208       1.1170
     209       1.1139
     210       1.0111
     211       1.2900
     212       1.1093
     213       1.2179
     214       1.1166
     215       1.1370
     216       1.2348
     217       1.1954
     218       1.1696
     219       1.1787
     220       1.3250
     221       1.3150
     222       1.3296
     223       1.1487
     224       1.1825
     225       1.2382
     226       1.4166
     227       1.3377
     228       1.3444
     229       1.3258
     230       1.1648
     231       1.2232
     232       1.2598
     233       1.3147
     234       1.2356
     235       1.1892
     236       1.2577
     237       1.2656
     238       1.4269
     239       1.3540
     240       1.4626
     241       1.5048
     242       1.3514
     243       1.3367
     244       1.2074
     245       1.2652
     246       1.3538
     247       1.3430
     248       1.2721
     249       1.2839
     250       1.2058
     251       1.2891
     252       1.3585
     253       1.3181
     254       1.3022
     255       1.3629
     256       1.2426
     257       1.2357
     258       1.3621
     259       1.2840
     260       1.2789
     261       1.3120
     262       1.3899
     263       1.3305
     264       1.3912
     265       1.2009
     266       1.3467
     267       1.3709
     268       1.2887
     269       1.3046
     270       1.4496
     271       1.4226
     272       1.3868
     273       1.3389
     274       1.3734
     275       1.2749
     276       1.2234
     277       1.4005
     278       1.2935
     279       1.4980
     280       1.3705
     281       1.3509
     282       1.3904
     283       1.3762
     284       1.3573
     285       1.2811
     286       1.5202
     287       1.4928
     288       1.5789
     289       1.4027
     290       1.5461
     291       1.2808
     292       1.4256
     293       1.4049
     294       1.2522
     295       1.4614
     296       1.3759
     297       1.6708
     298       1.5534
     299       1.5694
     300       1.3480
     301       1.3871
     302       1.5060
     303       1.3432
     304       1.4137
     305       1.3379
     306       1.3908
     307       1.4758
     308       1.4338
     309       1.4359
     310       1.4666
     311       1.4733
     312       1.3790
     313       1.3634
     314       1.4457
     315       1.4347
     316       1.3682
     317       1.2860
     318       1.3534
     319       1.3387
     320       1.4166
     321       1.4580
     322       1.3963
     323       1.3700
     324       1.5136
     325       1.3826
     326       1.4862
     327       1.3867
     328       1.3955
     329       1.3674
     330       1.4122
     331       1.2852
     332       1.2577
     333       1.2700
     334       1.3262
     335       1.3163
     336       1.2458
     337       1.2593
     338       1.1613
     339       1.0928
     340       1.1951
     341       1.2648
     342       1.2209
     343       1.1581
     344       1.2111
     345       1.3100
     346       1.2460
     347       1.2289
     348       1.3440
     349       1.3288
     350       1.2649
     351       1.2870
     352       1.3166
     353       1.1627
     354       1.1430
     355       1.0478
     356       1.1762
     357       1.1403
     358       1.1036
     359       1.0440
     360       1.1260
     361       1.2580
     362       1.2744
     363       1.1212
     364       1.0559
     365       1.1742
     366       1.0346
     367       1.1479
     368       1.2043
     369       1.4250
     370       1.1252
     371       1.1313
     372       1.2239
     373       1.2625
     374       1.1924
     375       1.2112
     376       1.1323
     377       1.2413
     378       1.2355
     379       1.2624
     380       1.1857
     381       1.3027
     382       1.3766
     383       1.4074
     384       1.4238
     385       1.3706
     386       1.2409
     387       1.2324
     388       1.2657
     389       1.3376
     390       1.3051
     391       1.2909
     392       1.2797
     393       1.3715
     394       1.1614
     395       1.1674
     396       1.2214
     397       1.2840
     398       1.2135
     399       1.2784
     400       1.2429
     401       1.3015
     402       1.2765
     403       1.1619
     404       1.2439
     405       1.2740
     406       1.2141
     407       1.2519
     408       1.1474
     409       1.2189
     410       1.1760
     411       1.1058
     412       1.1633
     413       1.1394
     414       1.2135
     415       1.1941
     416       1.1294
     417       1.1596
     418       1.1650
     419       1.1213
     420       1.1113
     421       1.2118
     422       1.2527
     423       1.2799
     424       1.1570
     425       1.1795
     426       1.0628
     427       1.1214
     428       1.1800
     429       1.1588
     430       1.1617
     431       1.1116
     432       1.1669
     433       1.1160
     434       1.1247
     435       1.1375
     436       1.1476
     437       1.1523
     438       1.0815
     439       1.2190
     440       1.0621
     441       1.0401
     442       1.0652
     443       1.1748
     444       1.1861
     445       1.1591
     446       1.2817
     447       1.1464
     448       1.1009
     449       1.1497
     450       1.1293
     451       1.1239
     452       1.2058
     453       1.1861
     454       1.2382
     455       1.1469
     456       1.3352
     457       1.3652
     458       1.4768
     459       1.3288
     460       1.4315
     461       1.4053
     462       1.3244
     463       1.4863
     464       1.3160
     465       1.2895
     466       1.3193
     467       1.3066
     468       1.2900
     469       1.3005
     470       1.2441
     471       1.2588
     472       1.2859
     473       1.2625
     474       1.2175
     475       1.2371
     476       1.2383
     477       1.2955
     478       1.2523
     479       1.2600
     480       1.2259
     481       1.2275
     482       1.1979
     483       1.1540
     484       1.1111
     485       1.1770
     486       1.1991
     487       1.2351
     488       1.2227
     489       1.3053
     490       1.2701
     491       1.3798
     492       1.3042
     493       1.2389
     494       1.1474
     495       1.2040
     496       1.2801
     497       1.1965
     498       1.1921
     499       1.1825
     500       1.2277
     501       1.2083
     502       1.3134
     503       1.2764
     504       1.1623
     505       1.2162
     506       1.2416
     507       1.1403
     508       1.2106
     509       1.2389
     510       1.1350
     511       1.2267
     512       1.2099
     513       1.2136
     514       1.1451
     515       1.2035
     516       1.2510
     517       1.2211
     518       1.2738
     519       1.1051
     520       1.1983
     521       1.0736
     522       1.2051
     523       1.0592
     524       1.1470
     525       1.2577
     526       1.1653
     527       1.1208
     528       1.0536
     529       1.1092
     530       1.0840
     531       1.1478
     532       1.1341
     533       1.1518
     534       1.1274
     535       1.1676
     536       1.2101
     537       1.3601
     538       1.3794
     539       1.3425
     540       1.3807
     541       1.4718
     542       1.3179
     543       1.3805
     544       1.1678
     545       1.2245
     546       1.2545
     547       1.2298
     548       1.1870
     549       1.2170
     550       1.2415
     551       1.3666
     552       1.3802
     553       1.2036
     554       1.1802
     555       1.3708
     556       1.2029
     557       1.2323
     558       1.2924
     559       1.2624
     560       1.2959
     561       1.2588
     562       1.1626
     563       1.4288
     564       1.2126
     565       1.3114
     566       1.2060
     567       1.2320
     568       1.3406
     569       1.2381
     570       1.2781
     571       1.2622
     572       1.1867
     573       1.3058
     574       1.2592
     575       1.2075
     576       1.1571
     577       1.2036
     578       1.2647
     579       1.2643
     580       1.2964
     581       1.1950
     582       1.1698
     583       1.0636
     584       1.2710
     585       1.1388
     586       1.0501
     587       1.1251
     588       1.1820
     589       1.1597
     590       1.1695
     591       1.1310
     592       1.1208
     593       1.0930
     594       1.1928
     595       1.2458
     596       1.1968
     597       1.1284
     598       1.1510
     599       1.1483
     600       1.2270
     601       1.2156
     602       1.1507
     603       1.2026
     604       1.1129
     605       1.1944
     606       1.1865
     607       1.1943
     608       1.2637
     609       1.2371
     610       1.3564
     611       1.2568
     612       1.2542
     613       1.3290
     614       1.2478
     615       1.2800
     616       1.3436
     617       1.3103
     618       1.2864
     619       1.2876
     620       1.3079
     621       1.2726
     622       1.2314
     623       1.1624
     624       1.2025
     625       1.3490
     626       1.2590
     627       1.2971
     628       1.3835
     629       1.3660
     630       1.2829
     631       1.2969
     632       1.2691
     633       1.3606
     634       1.2356
     635       1.2413
     636       1.2929
     637       1.2573
     638       1.2810
     639       1.2674
     640       1.2634
     641       1.2895
     642       1.2239
     643       1.0740
     644       1.2222
     645       1.1863
     646       1.1253
     647       1.2930
     648       1.2055
     649       1.2178
     650       1.2747
     651       1.3043
     652       1.3744
     653       1.4219
     654       1.2702
     655       1.2106
     656       1.2330
     657       1.1507
     658       1.1903
     659       1.1985
     660       1.1529
     661       1.3192
     662       1.3675
     663       1.2690
     664       1.2347
     665       1.2755
     666       1.1626
     667       1.3241
     668       1.3438
     669       1.2118
     670       1.1632
     671       1.3043
     672       1.2323
     673       1.1913
     674       1.2233
     675       1.1813
     676       1.3058
     677       1.2462
     678       1.1868
     679       1.2749
     680       1.3196
     681       1.4866
     682       1.1785
     683       1.1959
     684       1.1993
     685       1.2877
     686       1.3222
     687       1.3055
     688       1.3382
     689       1.3393
     690       1.3581
     691       1.2909
     692       1.2989
     693       1.3906
     694       1.3758
     695       1.4678
     696       1.4840
     697       1.4916
     698       1.3918
     699       1.5205
     700       1.3943
     701       1.3400
     702       1.4778
     703       1.3764
     704       1.4851
     705       1.3823
     706       1.4147
     707       1.3887
     708       1.5133
     709       1.3186
     710       1.4290
     711       1.4426
     712       1.4107
     713       1.4113
     714       1.4735
     715       1.5157
     716       1.4705
     717       1.5110
     718       1.4417
     719       1.4769
     720       1.4628
     721       1.5244
     722       1.5207
     723       1.4670
     724       1.4151
     725       1.3517
     726       1.4349
     727       1.3468
     728       1.3752
     729       1.4667
     730       1.4124
     731       1.3664
     732       1.4251
     733       1.3261
     734       1.5104
     735       1.4903
     736       1.4238
     737       1.5596
     738       1.6085
     739       1.5805
     740       1.5980
     741       1.6512
     742       1.7393
     743       1.6296
     744       1.5991
     745       1.6095
     746       1.5425
     747       1.6527
     748       1.6548
     749       1.5991
     750       1.7234
     751       1.5984
     752       1.6051
     753       1.5805
     754       1.5879
     755       1.6413
     756       1.6402
     757       1.5399
     758       1.5593
     759       1.5885
     760       1.4860
     761       1.6226
     762       1.7699
     763       1.7983
     764       1.6794
     765       1.7478
     766       1.7829
     767       1.7093
     768       1.6810
     769       1.6285
     770       1.4229
     771       1.4819
     772       1.3549
     773       1.4389
     774       1.5961
     775       1.4872
     776       1.5967
     777       1.5337
     778       1.5251
     779       1.6301
     780       1.5095
     781       1.5329
     782       1.5241
     783       1.5652
     784       1.5638
     785       1.5754
     786       1.5761
     787       1.5497
     788       1.4532
     789       1.4469
     790       1.5130
     791       1.4792
     792       1.3645
     793       1.3619
     794       1.4153
     795       1.4632
     796       1.4757
     797       1.3749
     798       1.4097
     799       1.6344
     800       1.4642
     801       1.5242
     802       1.5123
     803       1.3939
     804       1.4213
     805       1.4882
     806       1.4300
     807       1.5095
     808       1.4805
     809       1.3395
     810       1.4737
     811       1.3713
     812       1.4338
     813       1.4300
     814       1.4270
     815       1.5352
     816       1.4669
     817       1.4432
     818       1.5132
     819       1.5459
     820       1.4753
     821       1.4966
     822       1.5123
     823       1.4491
     824       1.4697
     825       1.4659
     826       1.4025
     827       1.4758
     828       1.5248
     829       1.4695
     830       1.5591
     831       1.5256
     832       1.5304
     833       1.5627
     834       1.4187
     835       1.4233
     836       1.4086
     837       1.5257
     838       1.4337
     839       1.4044
     840       1.3919
     841       1.4218
     842       1.4391
     843       1.4302
     844       1.4262
     845       1.4532
     846       1.3747
     847       1.5137
     848       1.4249
     849       1.3614
     850       1.4101
     851       1.4190
     852       1.3926
     853       1.4652
     854       1.4610
     855       1.3776
     856       1.3204
     857       1.5091
     858       1.5269
     859       1.5766
     860       1.5376
     861       1.5277
     862       1.6808
     863       1.5532
     864       1.5262
     865       1.5800
     866       1.5175
     867       1.4335
     868       1.3598
     869       1.5562
     870       1.5381
     871       1.4285
     872       1.5923
     873       1.6482
     874       1.5805
     875       1.6552
     876       1.5395
     877       1.5943
     878       1.5008
     879       1.6067
     880       1.5005
     881       1.6772
     882       1.4868
     883       1.5270
     884       1.5862
     885       1.5908
     886       1.6246
     887       1.7082
     888       1.5753
     889       1.6449
     890       1.6221
     891       1.5706
     892       1.5378
     893       1.7025
     894       1.6076
     895       1.6296
     896       1.5797
     897       1.6695
     898       1.5492
     899       1.6516
     900       1.6108
     901       1.5765
     902       1.7057
     903       1.6975
     904       1.6285
     905       1.5144
     906       1.5896
     907       1.5380
     908       1.5646
     909       1.5827
     910       1.5848
     911       1.4876
     912       1.6122
     913       1.7059
     914       1.5616
     915       1.5820
     916       1.4925
     917       1.5923
     918       1.4984
     919       1.3954
     920       1.6510
     921       1.5515
     922       1.4735
     923       1.4575
     924       1.4680
     925       1.3457
     926       1.5090
     927       1.4353
     928       1.3247
     929       1.4931
     930       1.5629
     931       1.5208
     932       1.4578
     933       1.6384
     934       1.5271
     935       1.5276
     936       1.5069
     937       1.6930
     938       1.5728
     939       1.5814
     940       1.5625
     941       1.5964
     942       1.4916
     943       1.4706
     944       1.6128
     945       1.5348
     946       1.4957
     947       1.5161
     948       1.5643
     949       1.5130
     950       1.6162
     951       1.4863
     952       1.4653
     953       1.5554
     954       1.5151
     955       1.4973
     956       1.4367
     957       1.4695
     958       1.4646
     959       1.6034
     960       1.4600
     961       1.5044
     962       1.5010
     963       1.4943
     964       1.5555
     965       1.4918
     966       1.4958
     967       1.5419
     968       1.4717
     969       1.4892
     970       1.5561
     971       1.5281
     972       1.4702
     973       1.5103
     974       1.4532
     975       1.4657
     976       1.5067
     977       1.5243
     978       1.5483
     979       1.5623
     980       1.5200
     981       1.5144
     982       1.4773
     983       1.5129
     984       1.4250
     985       1.4534
     986       1.4761
     987       1.5550
     988       1.4686
     989       1.4290
     990       1.4493
     991       1.3766
     992       1.4042
     993       1.4899
     994       1.4131
     995       1.4739
     996       1.4445
     997       1.3763
     998       1.4851
     999       1.4599
    1000       1.3659
    1001       1.4301
    1002       1.4143
    1003       1.4514
    1004       1.5711
    1005       1.5313
    1006       1.4237
    1007       1.4165
    1008       1.4377
    1009       1.5108
    1010       1.4901
    1011       1.3714
    1012       1.3787
    1013       1.4388
    1014       1.5003
    1015       1.4293
    1016       1.4259
    1017       1.3103
    1018       1.3039
    1019       1.3484
    1020       1.3350
    1021       1.4217
    1022       1.4463
    1023       1.4775
    1024       1.3824
    1025       1.4125
    1026       1.4543
    1027       1.3834
    1028       1.4405
    1029       1.3269
    1030       1.3737
    1031       1.4003
    1032       1.4171
    1033       1.3986
    1034       1.4550
    1035       1.4258
    1036       1.3676
    1037       1.3140
    1038       1.3759
    1039       1.3714
    1040       1.5392
    1041       1.3397
    1042       1.3983
    1043       1.4131
    1044       1.5066
    1045       1.4223
    1046       1.3357
    1047       1.4558
    1048       1.4481
    1049       1.4085
    1050       1.4447
    1051       1.3047
    1052       1.4752
    1053       1.4094
    1054       1.4385
    1055       1.5131
    1056       1.4981
    1057       1.5259
    1058       1.5526
    1059       1.4755
    1060       1.4705
    1061       1.4621
    1062       1.4295
    1063       1.4899
    1064       1.4946
    1065       1.4883
    1066       1.4491
    1067       1.5777
    1068       1.4976
    1069       1.4059
    1070       1.5069
    1071       1.5149
    1072       1.5426
    1073       1.4696
    1074       1.4377
    1075       1.4457
    1076       1.3885
    1077       1.4499
    1078       1.3814
    1079       1.4103
    1080       1.3946
    1081       1.4453
    1082       1.4297
    1083       1.3937
    1084       1.5298
    1085       1.4428
    1086       1.4387
    1087       1.4011
    1088       1.4193
    1089       1.4212
    1090       1.5024
    1091       1.4869
    1092       1.3752
    1093       1.4394
    1094       1.4359
    1095       1.4911
    1096       1.4254
    1097       1.4195
    1098       1.3862
    1099       1.4593
    1100       1.4988
    1101       1.5353
    1102       1.4817
    1103       1.4127
    1104       1.5526
    1105       1.4141
    1106       1.4946
    1107       1.4833
    1108       1.3676
    1109       1.4252
    1110       1.4104
    1111       1.4343
    1112       1.3653
    1113       1.4266
    1114       1.4456
    1115       1.4801
    1116       1.4074
    1117       1.4459
    1118       1.3504
    1119       1.3976
    1120       1.4220
    1121       1.5104
    1122       1.5111
    1123       1.3836
    1124       1.4013
    1125       1.4551
    1126       1.4469
    1127       1.4758
    1128       1.5851
    1129       1.4546
    1130       1.4073
    1131       1.4115
    1132       1.3941
    1133       1.3987
    1134       1.3791
    1135       1.3923
    1136       1.4695
    1137       1.5031
    1138       1.5072
    1139       1.4252
    1140       1.4342
    1141       1.4797
    1142       1.4536
    1143       1.3705
    1144       1.4432
    1145       1.3094
    1146       1.3742
    1147       1.3938
    1148       1.3996
    1149       1.3497
    1150       1.4307
    1151       1.4069
    1152       1.5173
    1153       1.4678
    1154       1.3759
    1155       1.5311
    1156       1.3335
    1157       1.4590
    1158       1.4007
    1159       1.5648
    1160       1.4158
    1161       1.4111
    1162       1.3660
    1163       1.4984
    1164       1.4156
    1165       1.4578
    1166       1.4396
    1167       1.3580
    1168       1.3856
    1169       1.4506
    1170       1.4111
    1171       1.4841
    1172       1.4717
    1173       1.4303
    1174       1.3726
    1175       1.4084
    1176       1.4128
    1177       1.4036
    1178       1.3264
    1179       1.4622
    1180       1.4264
    1181       1.4430
    1182       1.4472
    1183       1.4175
    1184       1.4027
    1185       1.4084
    1186       1.4661
    1187       1.4767
    1188       1.4661
    1189       1.4490
    1190       1.5706
    1191       1.4306
    1192       1.4738
    1193       1.4122
    1194       1.4451
    1195       1.3727
    1196       1.4372
    1197       1.4584
    1198       1.5404
    1199       1.4414
    1200       1.4539
    1201       1.4319
    1202       1.4493
    1203       1.3400
    1204       1.4322
    1205       1.3782
    1206       1.3963
    1207       1.3687
    1208       1.3892
    1209       1.3831
    1210       1.3683
    1211       1.4373
    1212       1.4294
    1213       1.4403
    1214       1.3769
    1215       1.4246
    1216       1.4413
    1217       1.4800
    1218       1.5109
    1219       1.5168
    1220       1.4673
    1221       1.4529
    1222       1.4780
    1223       1.4951
    1224       1.3720
    1225       1.3691
    1226       1.5009
    1227       1.5029
    1228       1.5757
    1229       1.4602
    1230       1.4239
    1231       1.4621
    1232       1.4539
    1233       1.4707
    1234       1.5047
    1235       1.4408
    1236       1.4652
    1237       1.5491
    1238       1.4521
    1239       1.4512
    1240       1.4735
    1241       1.4276
    1242       1.4382
    1243       1.4915
    1244       1.5377
    1245       1.5731
    1246       1.4797
    1247       1.5599
    1248       1.5526
    1249       1.5858
    1250       1.5117
    1251       1.5714
    1252       1.5111
    1253       1.6255
    1254       1.5837
    1255       1.6070
    1256       1.5254
    1257       1.5475
    1258       1.5780
    1259       1.5815
    1260       1.4086
    1261       1.5237
    1262       1.6063
    1263       1.5163
    1264       1.6270
    1265       1.6223
    1266       1.5272
    1267       1.6196
    1268       1.5856
    1269       1.5408
    1270       1.5933
    1271       1.5791
    1272       1.5790
    1273       1.5016
    1274       1.5401
    1275       1.5199
    1276       1.6403
    1277       1.6089
    1278       1.5902
    1279       1.4589
    1280       1.4628
    1281       1.4788
    1282       1.4632
    1283       1.4402
    1284       1.4614
    1285       1.5976
    1286       1.4402
    1287       1.3682
    1288       1.2208
    1289       1.3057
    1290       1.3873
    1291       1.4800
    1292       1.5010
    1293       1.5121
    1294       1.5780
    1295       1.5596
    1296       1.5575
    1297       1.3084
    1298       1.3923
    1299       1.3615
    1300       1.5400
    1301       1.4695
    1302       1.5212
    1303       1.5206
    1304       1.4186
    1305       1.4129
    1306       1.4767
    1307       1.4613
    1308       1.5568
    1309       1.5337
    1310       1.5767
    1311       1.4554
    1312       1.3890
    1313       1.3918
    1314       1.4144
    1315       1.3095
    1316       1.4522
    1317       1.5038
    1318       1.5281
    1319       1.5224
    1320       1.4228
    1321       1.6254
    1322       1.5020
    1323       1.4352
    1324       1.5283
    1325       1.5056
    1326       1.4357
    1327       1.3374
    1328       1.4514
    1329       1.4548
    1330       1.5048
    1331       1.4225
    1332       1.5826
    1333       1.5161
    1334       1.4913
    1335       1.4772
    1336       1.4839
    1337       1.5022
    1338       1.4985
    1339       1.4040
    1340       1.4955
    1341       1.4240
    1342       1.4715
    1343       1.5182
    1344       1.4862
    1345       1.5046
    1346       1.5083
    1347       1.5758
    1348       1.5446
    1349       1.5053
    1350       1.4417
    1351       1.5389
    1352       1.4340
    1353       1.4780
    1354       1.5111
    1355       1.4636
    1356       1.3933
    1357       1.4406
    1358       1.4363
    1359       1.5163
    1360       1.4662
    1361       1.4159
    1362       1.3750
    1363       1.3813
    1364       1.3805
    1365       1.3818
    1366       1.4041
    1367       1.4789
    1368       1.3941
    1369       1.4067
    1370       1.3999
    1371       1.4268
    1372       1.3743
    1373       1.4338
    1374       1.4707
    1375       1.4470
    1376       1.4319
    1377       1.4851
    1378       1.4246
    1379       1.3419
    1380       1.5401
    1381       1.4428
    1382       1.3869
    1383       1.5703
    1384       1.3511
    1385       1.5184
    1386       1.4659
    1387       1.4746
    1388       1.5405
    1389       1.5662
    1390       1.4314
    1391       1.4350
    1392       1.3808
    1393       1.4238
    1394       1.3845
    1395       1.4076
    1396       1.4291
    1397       1.4065
    1398       1.5135
    1399       1.5401
    1400       1.5077
    1401       1.4583
    1402       1.5218
    1403       1.4031
    1404       1.5267
    1405       1.4659
    1406       1.4793
    1407       1.6003
    1408       1.5140
    1409       1.5276
    1410       1.4469
    1411       1.4977
    1412       1.4716
    1413       1.5624
    1414       1.4969
    1415       1.4316
    1416       1.4923
    1417       1.4101
    1418       1.4499
    1419       1.3375
    1420       1.3673
    1421       1.4593
    1422       1.4399
    1423       1.4135
    1424       1.4758
    1425       1.4074
    1426       1.3951
    1427       1.4690
    1428       1.4661
    1429       1.4162
    1430       1.3981
    1431       1.4857
    1432       1.4907
    1433       1.4592
    1434       1.5105
    1435       1.5033
    1436       1.5098
    1437       1.5522
    1438       1.5369
    1439       1.4228
    1440       1.4701
    1441       1.3811
    1442       1.4770
    1443       1.3753
    1444       1.4716
    1445       1.3349
    1446       1.3281
    1447       1.3544
    1448       1.4209
    1449       1.4382
    1450       1.3901
    1451       1.3941
    1452       1.3763
    1453       1.4762
    1454       1.3563
    1455       1.3973
    1456       1.3754
    1457       1.3652
    1458       1.3460
    1459       1.4051
    1460       1.4037
    1461       1.4282
    1462       1.4280
    1463       1.3829
    1464       1.3459
    1465       1.3353
    1466       1.3426
    1467       1.4424
    1468       1.3372
    1469       1.4392
    1470       1.3760
    1471       1.4324
    1472       1.4172
    1473       1.5690
    1474       1.3711
    1475       1.4162
    1476       1.4662
    1477       1.4721
    1478       1.3847
    1479       1.2979
    1480       1.3593
    1481       1.3699
    1482       1.4119
    1483       1.3272
    1484       1.3869
    1485       1.4051
    1486       1.4306
    1487       1.4126
    1488       1.3482
    1489       1.3638
    1490       1.3773
    1491       1.3606
    1492       1.3923
    1493       1.4257
    1494       1.4209
    1495       1.2779
    1496       1.2791
    1497       1.4478
    1498       1.3453
    1499       1.2841
    1500       1.1860
    1501       1.3441
    1502       1.4049
    1503       1.4484
    1504       1.3721
    1505       1.3519
    1506       1.4658
    1507       1.4970
    1508       1.4707
    1509       1.4101
    1510       1.3879
    1511       1.4820
    1512       1.4830
    1513       1.5135
    1514       1.4761
    1515       1.5574
    1516       1.4581
    1517       1.4668
    1518       1.4659
    1519       1.3840
    1520       1.4280
    1521       1.3977
    1522       1.3460
    1523       1.4009
    1524       1.3725
    1525       1.2896
    1526       1.3580
    1527       1.3330
    1528       1.3832
    1529       1.3619
    1530       1.4353
    1531       1.3685
    1532       1.4433
    1533       1.4965
    1534       1.3581
    1535       1.3922
    1536       1.4991
    1537       1.4452
    1538       1.3422
    1539       1.3323
    1540       1.4404
    1541       1.3811
    1542       1.3148
    1543       1.3417
    1544       1.3929
    1545       1.3010
    1546       1.4228
    1547       1.3679
    1548       1.4294
    1549       1.5139
    1550       1.4981
    1551       1.3967
    1552       1.5349
    1553       1.3817
    1554       1.4949
    1555       1.3908
    1556       1.4814
    1557       1.3732
    1558       1.3624
    1559       1.4004
    1560       1.3793
    1561       1.3453
    1562       1.3699
    1563       1.3014
    1564       1.2945
    1565       1.4018
    1566       1.3261
    1567       1.4357
    1568       1.3053
    1569       1.3627
    1570       1.3872
    1571       1.2971
    1572       1.4255
    1573       1.4993
    1574       1.4093
    1575       1.4787
    1576       1.4768
    1577       1.4055
    1578       1.4802
    1579       1.5071
    1580       1.5501
    1581       1.4524
    1582       1.4320
    1583       1.4034
    1584       1.4660
    1585       1.4782
    1586       1.3280
    1587       1.3372
    1588       1.2866
    1589       1.4031
    1590       1.3231
    1591       1.3677
    1592       1.3408
    1593       1.3284
    1594       1.3460
    1595       1.3989
    1596       1.2622
    1597       1.3015
    1598       1.2766
    1599       1.2320
    1600       1.3390
    1601       1.2667
    1602       1.2450
    1603       1.2801
    1604       1.1429
    1605       1.2570
    1606       1.2228
    1607       1.2808
    1608       1.1741
    1609       1.3255
    1610       1.1948
    1611       1.2766
    1612       1.2158
    1613       1.2976
    1614       1.4589
    1615       1.3706
    1616       1.3198
    1617       1.4408
    1618       1.3461
    1619       1.4371
    1620       1.3414
    1621       1.3188
    1622       1.2759
    1623       1.3187
    1624       1.3718
    1625       1.2750
    1626       1.2724
    1627       1.3191
    1628       1.3638
    1629       1.3687
    1630       1.4019
    1631       1.2366
    1632       1.2867
    1633       1.2916
    1634       1.2509
    1635       1.4045
    1636       1.2971
    1637       1.2906
    1638       1.3626
    1639       1.3495
    1640       1.4210
    1641       1.3696
    1642       1.3632
    1643       1.3784
    1644       1.4016
    1645       1.3098
    1646       1.4036
    1647       1.4470
    1648       1.4644
    1649       1.2830
    1650       1.2421
    1651       1.3803
    1652       1.3101
    1653       1.3649
    1654       1.4201
    1655       1.2781
    1656       1.3203
    1657       1.3101
    1658       1.3257
    1659       1.4099
    1660       1.3164
    1661       1.3210
    1662       1.3663
    1663       1.3887
    1664       1.2602
    1665       1.3334
    1666       1.3644
    1667       1.3172
    1668       1.3869
    1669       1.2278
    1670       1.3656
    1671       1.4530
    1672       1.3797
    1673       1.2843
    1674       1.4165
    1675       1.4182
    1676       1.4168
    1677       1.4797
    1678       1.4157
    1679       1.4401
    1680       1.4362
    1681       1.3814
    1682       1.3365
    1683       1.4563
    1684       1.4227
    1685       1.4892
    1686       1.4785
    1687       1.4942
    1688       1.4098
    1689       1.3448
    1690       1.4545
    1691       1.5128
    1692       1.4694
    1693       1.4209
    1694       1.5245
    1695       1.3748
    1696       1.3774
    1697       1.4074
    1698       1.3575
    1699       1.4475
    1700       1.4246
    1701       1.3914
    1702       1.4416
    1703       1.3775
    1704       1.4511
    1705       1.4701
    1706       1.5234
    1707       1.3944
    1708       1.3707
    1709       1.3423
    1710       1.4020
    1711       1.4690
    1712       1.3468
    1713       1.4341
    1714       1.4907
    1715       1.4790
    1716       1.3517
    1717       1.4018
    1718       1.4300
    1719       1.4126
    1720       1.4129
    1721       1.3596
    1722       1.4262
    1723       1.4551
    1724       1.4528
    1725       1.4846
    1726       1.4368
    1727       1.3517
    1728       1.4351
    1729       1.4702
    1730       1.4790
    1731       1.4566
    1732       1.4512
    1733       1.4458
    1734       1.4889
    1735       1.3847
    1736       1.4015
    1737       1.4162
    1738       1.4679
    1739       1.4059
    1740       1.4853
    1741       1.4525
    1742       1.3703
    1743       1.5360
    1744       1.4825
    1745       1.4193
    1746       1.4949
    1747       1.3686
    1748       1.5041
    1749       1.6147
    1750       1.5341
    1751       1.4911
    1752       1.5134
    1753       1.3997
    1754       1.4769
    1755       1.4619
    1756       1.4033
    1757       1.4341
    1758       1.4737
    1759       1.5192
    1760       1.3963
    1761       1.5442
    1762       1.3380
    1763       1.4552
    1764       1.3721
    1765       1.4715
    1766       1.4938
    1767       1.4699
    1768       1.4833
    1769       1.3161
    1770       1.3822
    1771       1.3914
    1772       1.4024
    1773       1.4269
    1774       1.4507
    1775       1.3891
    1776       1.3437
    1777       1.4631
    1778       1.5194
    1779       1.3827
    1780       1.3652
    1781       1.4206
    1782       1.3959
    1783       1.4410
    1784       1.4605
    1785       1.4988
    1786       1.4889
    1787       1.5746
    1788       1.3763
    1789       1.4116
    1790       1.4064
    1791       1.4678
    1792       1.3200
    1793       1.3566
    1794       1.5284
    1795       1.4056
    1796       1.3959
    1797       1.4178
    1798       1.4074
    1799       1.5374
    1800       1.4448
    1801       1.4357
    1802       1.4543
    1803       1.3481
    1804       1.3629
    1805       1.3871
    1806       1.4240
    1807       1.3538
    1808       1.4113
    1809       1.4323
    1810       1.4573
    1811       1.5000
    1812       1.3515
    1813       1.4478
    1814       1.3920
    1815       1.4668
    1816       1.4391
    1817       1.3656
    1818       1.3724
    1819       1.3312
    1820       1.4584
    1821       1.4062
    1822       1.3448
    1823       1.3938
    1824       1.3732
    1825       1.4966
    1826       1.5112
    1827       1.4429
    1828       1.4677
    1829       1.3871
    1830       1.4157
    1831       1.5047
    1832       1.5446
    1833       1.5521
    1834       1.4251
    1835       1.3952
    1836       1.4133
    1837       1.3675
    1838       1.4119
    1839       1.4450
    1840       1.4042
    1841       1.5546
    1842       1.4425
    1843       1.4742
    1844       1.4005
    1845       1.3704
    1846       1.4495
    1847       1.4098
    1848       1.4770
    1849       1.5481
    1850       1.4911
    1851       1.4827
    1852       1.4063
    1853       1.3920
    1854       1.4105
    1855       1.5131
    1856       1.6144
    1857       1.4549
    1858       1.4158
    1859       1.3993
    1860       1.4592
    1861       1.4120
    1862       1.3991
    1863       1.3539
    1864       1.4794
    1865       1.4072
    1866       1.4583
    1867       1.3692
    1868       1.3552
    1869       1.4567
    1870       1.4319
    1871       1.4173
    1872       1.3975
    1873       1.5861
    1874       1.4761
    1875       1.4400
    1876       1.3979
    1877       1.4839
    1878       1.4051
    1879       1.4104
    1880       1.3942
    1881       1.5182
    1882       1.3987
    1883       1.5216
    1884       1.4452
    1885       1.4894
    1886       1.3120
    1887       1.4198
    1888       1.4707
    1889       1.4015
    1890       1.4091
    1891       1.3855
    1892       1.4304
    1893       1.4036
    1894       1.3913
    1895       1.4706
    1896       1.4537
    1897       1.4503
    1898       1.5147
    1899       1.5347
    1900       1.4983
    1901       1.3708
    1902       1.3148
    1903       1.3439
    1904       1.4597
    1905       1.4095
    1906       1.3882
    1907       1.3615
    1908       1.3201
    1909       1.4249
    1910       1.3037
    1911       1.5041
    1912       1.4791
    1913       1.3803
    1914       1.5004
    1915       1.5769
    1916       1.5205
    1917       1.5553
    1918       1.4051
    1919       1.6403
    1920       1.4352
    1921       1.4972
    1922       1.5315
    1923       1.5833
    1924       1.5303
    1925       1.4990
    1926       1.6076
    1927       1.5165
    1928       1.5227
    1929       1.6074
    1930       1.5796
    1931       1.4205
    1932       1.6846
    1933       1.5653
    1934       1.6027
    1935       1.6026
    1936       1.6395
    1937       1.5711
    1938       1.5683
    1939       1.6399
    1940       1.5413
    1941       1.4947
    1942       1.6301
    1943       1.6715
    1944       1.6915
    1945       1.6419
    1946       1.5423
    1947       1.7589
    1948       1.6367
    1949       1.6581
    1950       1.6481
    1951       1.5963
    1952       1.6346
    1953       1.5373
    1954       1.4400
    1955       1.5567
    1956       1.5691
    1957       1.4936
    1958       1.5882
    1959       1.7119
    1960       1.5619
    1961       1.5934
    1962       1.7005
    1963       1.5566
    1964       1.5345
    1965       1.5607
    1966       1.5099
    1967       1.5334
    1968       1.4883
    1969       1.4822
    1970       1.4917
    1971       1.5896
    1972       1.5459
    1973       1.5782
    1974       1.6356
    1975       1.6214
    1976       1.6368
    1977       1.6955
    1978       1.6630
    1979       1.6604
    1980       1.7395
    1981       1.7389
    1982       1.6879
    1983       1.5638
    1984       1.7667
    1985       1.6848
    1986       1.6192
    1987       1.6837
    1988       1.6153
    1989       1.5830
    1990       1.5360
    1991       1.6097
    1992       1.5831
    1993       1.6416
    1994       1.6256
    1995       1.5669
    1996       1.5995
    1997       1.6394
    1998       1.5618
    1999       1.5587
    2000       1.6862
    2001       1.6285
    2002       1.5929
    2003       1.6277
    2004       1.5799
    2005       1.7112
    2006       1.5721
    2007       1.6662
    2008       1.5862
    2009       1.5358
    2010       1.7257
    2011       1.7358
    2012       1.7049
    2013       1.7003
    2014       1.6542
    2015       1.6502
    2016       1.7343
    2017       1.6838
    2018       1.9124
    2019       1.7464
    2020       1.6629
    2021       1.7424
    2022       1.7050
    2023       1.6780
    2024       1.6924
    2025       1.7958
    2026       1.7383
    2027       1.6525
    2028       1.7667
    2029       1.6260
    2030       1.6403
    2031       1.5946
    2032       1.5687
    2033       1.6295
    2034       1.5722
    2035       1.6123
    2036       1.5469
    2037       1.5572
    2038       1.7066
    2039       1.6751
    2040       1.6375
    2041       1.6526
    2042       1.5821
    2043       1.6682
    2044       1.6508
    2045       1.7664
    2046       1.6014
    2047       1.6293
    2048       1.6479
    2049       1.7084
    2050       1.6369
    2051       1.6225
    2052       1.6292
    2053       1.6688
    2054       1.6006
    2055       1.5283
    2056       1.7408
    2057       1.7095
    2058       1.5409
    2059       1.5978
    2060       1.6493
    2061       1.6377
    2062       1.5986
    2063       1.5072
    2064       1.6802
    2065       1.6029
    2066       1.6195
    2067       1.5987
    2068       1.6020
    2069       1.6721
    2070       1.5700
    2071       1.6019
    2072       1.6161
    2073       1.5855
    2074       1.5756
    2075       1.5786
    2076       1.5154
    2077       1.5393
    2078       1.5828
    2079       1.6628
    2080       1.4975
    2081       1.6009
    2082       1.5407
    2083       1.5688
    2084       1.5304
    2085       1.5820
    2086       1.6112
    2087       1.6179
    2088       1.6921
    2089       1.6065
    2090       1.6057
    2091       1.5961
    2092       1.6912
    2093       1.5871
    2094       1.6201
    2095       1.6305
    2096       1.5761
    2097       1.5545
    2098       1.5263
    2099       1.5188
    2100       1.6507
    2101       1.6210
    2102       1.5801
    2103       1.5393
    2104       1.6063
    2105       1.5756
    2106       1.6321
    2107       1.7061
    2108       1.5847
    2109       1.6334
    2110       1.6185
    2111       1.6249
    2112       1.5680
    2113       1.7588
    2114       1.6009
    2115       1.6408
    2116       1.6517
    2117       1.6396
    2118       1.5876
    2119       1.5925
    2120       1.6807
    2121       1.5692
    2122       1.6629
    2123       1.6778
    2124       1.6584
    2125       1.7032
    2126       1.5813
    2127       1.6366
    2128       1.6590
    2129       1.6931
    2130       1.6707
    2131       1.6615
    2132       1.6011
    2133       1.5941
    2134       1.6151
    2135       1.5940
    2136       1.6763
    2137       1.6703
    2138       1.6745
    2139       1.6980
    2140       1.6588
    2141       1.7002
    2142       1.8214
    2143       1.7325
    2144       1.6758
    2145       1.7157
    2146       1.7282
    2147       1.7085
    2148       1.6553
    2149       1.6422
    2150       1.7536
    2151       1.7422
    2152       1.6544
    2153       1.6955
    2154       1.6394
    2155       1.6388
    2156       1.6916
    2157       1.6825
    2158       1.6751
    2159       1.6491
    2160       1.6674
    2161       1.6848
    2162       1.7084
    2163       1.7168
    2164       1.7042
    2165       1.7168
    2166       1.6623
    2167       1.6924
    2168       1.7076
    2169       1.7099
    2170       1.7000
    2171       1.7264
    2172       1.8073
    2173       1.6418
    2174       1.6424
    2175       1.7570
    2176       1.6397
    2177       1.6777
    2178       1.7125
    2179       1.6485
    2180       1.6819
    2181       1.5912
    2182       1.5999
    2183       1.6176
    2184       1.6688
    2185       1.5642
    2186       1.6914
    2187       1.6542
    2188       1.6913
    2189       1.6261
    2190       1.7845
    2191       1.7802
    2192       1.8691
    2193       1.8064
    2194       1.7754
    2195       1.7091
    2196       1.7838
    2197       1.7183
    2198       1.7965
    2199       1.7059
    2200       1.7428
    2201       1.7405
    2202       1.6620
    2203       1.7175
    2204       1.6872
    2205       1.7836
    2206       1.7481
    2207       1.8050
    2208       1.7460
    2209       1.7827
    2210       1.6938
    2211       1.7233
    2212       1.6192
    2213       1.6438
    2214       1.6686
    2215       1.5648
    2216       1.7067
    2217       1.7227
    2218       1.6984
    2219       1.6762
    2220       1.8231
    2221       1.7603
    2222       1.7084
    2223       1.7700
    2224       1.7280
    2225       1.7118
    2226       1.7181
    2227       1.7452
    2228       1.7897
    2229       1.7207
    2230       1.8243
    2231       1.6861
    2232       1.6589
    2233       1.6899
    2234       1.7981
    2235       1.6561
    2236       1.5842
    2237       1.7543
    2238       1.6388
    2239       1.7544
    2240       1.6170
    2241       1.6428
    2242       1.6956
    2243       1.6249
    2244       1.6747
    2245       1.6871
    2246       1.6771
    2247       1.6405
    2248       1.6032
    2249       1.6042
    2250       1.6895
    2251       1.6473
    2252       1.6708
    2253       1.6567
    2254       1.7984
    2255       1.7215
    2256       1.7097
    2257       1.5706
    2258       1.6693
    2259       1.6221
    2260       1.6896
    2261       1.7097
    2262       1.7093
    2263       1.6359
    2264       1.5413
    2265       1.4950
    2266       1.5610
    2267       1.6252
    2268       1.6780
    2269       1.5224
    2270       1.4527
    2271       1.4450
    2272       1.5127
    2273       1.5095
    2274       1.4711
    2275       1.5062
    2276       1.5141
    2277       1.5528
    2278       1.5673
    2279       1.4614
    2280       1.4627
    2281       1.5621
    2282       1.3819
    2283       1.4087
    2284       1.5824
    2285       1.4282
    2286       1.5610
    2287       1.4841
    2288       1.5936
    2289       1.5634
    2290       1.4077
    2291       1.5161
    2292       1.4606
    2293       1.4832
    2294       1.5342
    2295       1.4999
    2296       1.5655
    2297       1.4515
    2298       1.5506
    2299       1.5112
    2300       1.5922
    2301       1.6269
    2302       1.5838
    2303       1.6097
    2304       1.4906
    2305       1.5956
    2306       1.4871
    2307       1.5114
    2308       1.4360
    2309       1.5163
    2310       1.3615
    2311       1.4110
    2312       1.4933
    2313       1.3732
    2314       1.5072
    2315       1.4002
    2316       1.4564
    2317       1.3877
    2318       1.3531
    2319       1.4272
    2320       1.5342
    2321       1.3930
    2322       1.3084
    2323       1.4360
    2324       1.4987
    2325       1.3919
    2326       1.3219
    2327       1.4461
    2328       1.3861
    2329       1.4160
    2330       1.4367
    2331       1.5062
    2332       1.3835
    2333       1.3920
    2334       1.3987
    2335       1.3699
    2336       1.4128
    2337       1.3415
    2338       1.4064
    2339       1.5298
    2340       1.4769
    2341       1.3714
    2342       1.3187
    2343       1.3835
    2344       1.4617
    2345       1.5098
    2346       1.3634
    2347       1.3649
    2348       1.4439
    2349       1.4464
    2350       1.4940
    2351       1.4030
    2352       1.4167
    2353       1.5185
    2354       1.4319
    2355       1.4117
    2356       1.3620
    2357       1.3292
    2358       1.4089
    2359       1.4367
    2360       1.3955
    2361       1.3365
    2362       1.4510
    2363       1.3731
    2364       1.4576
    2365       1.4601
    2366       1.3450
    2367       1.3484
    2368       1.3237
    2369       1.3676
    2370       1.4218
    2371       1.3796
    2372       1.3765
    2373       1.4258
    2374       1.3433
    2375       1.4941
    2376       1.4679
    2377       1.3997
    2378       1.3945
    2379       1.3724
    2380       1.4982
    2381       1.3258
    2382       1.4394
    2383       1.4431
    2384       1.3345
    2385       1.4265
    2386       1.5367
    2387       1.4906
    2388       1.4899
    2389       1.4539
    2390       1.3735
    2391       1.5085
    2392       1.5939
    2393       1.5029
    2394       1.4443
    2395       1.5364
    2396       1.4863
    2397       1.4297
    2398       1.5135
    2399       1.4942
    2400       1.4342
    2401       1.4294
    2402       1.3898
    2403       1.3258
    2404       1.4239
    2405       1.4509
    2406       1.4353
    2407       1.3213
    2408       1.4223
    2409       1.4341
    2410       1.4047
    2411       1.3839
    2412       1.3972
    2413       1.3958
    2414       1.3265
    2415       1.4080
    2416       1.5508
    2417       1.4694
    2418       1.5020
    2419       1.4472
    2420       1.4452
    2421       1.4530
    2422       1.4458
    2423       1.3863
    2424       1.4347
    2425       1.4728
    2426       1.4614
    2427       1.4404
    2428       1.4577
    2429       1.4968
    2430       1.4150
    2431       1.5555
    2432       1.4285
    2433       1.4091
    2434       1.4043
    2435       1.4962
    2436       1.3296
    2437       1.3910
    2438       1.3530
    2439       1.5082
    2440       1.3880
    2441       1.5457
    2442       1.4145
    2443       1.4012
    2444       1.4547
    2445       1.4597
    2446       1.3893
    2447       1.4304
    2448       1.4529
    2449       1.3901
    2450       1.3675
    2451       1.4483
    2452       1.3580
    2453       1.4791
    2454       1.4169
    2455       1.4343
    2456       1.4170
    2457       1.4661
    2458       1.4710
    2459       1.4268
    2460       1.4375
    2461       1.3901
    2462       1.3474
    2463       1.4927
    2464       1.4849
    2465       1.4154
    2466       1.5259
    2467       1.4027
    2468       1.4952
    2469       1.4332
    2470       1.4246
    2471       1.4494
    2472       1.3295
    2473       1.3968
    2474       1.4621
    2475       1.4705
    2476       1.4507
    2477       1.3851
    2478       1.4027
    2479       1.5004
    2480       1.3862
    2481       1.5120
    2482       1.3844
    2483       1.4233
    2484       1.4730
    2485       1.4288
    2486       1.4046
    2487       1.3593
    2488       1.4353
    2489       1.4100
    2490       1.4510
    2491       1.4266
    2492       1.4203
    2493       1.4302
    2494       1.4107
    2495       1.4229
    2496       1.4330
    2497       1.3237
    2498       1.3638
    2499       1.3833
    2500       1.3311
    2501       1.3527
    2502       1.3278
    2503       1.3695
    2504       1.3855
    2505       1.3929
    2506       1.4242
    2507       1.4422
    2508       1.4092
    2509       1.3849
    2510       1.3618
    2511       1.3713
    2512       1.3285
    2513       1.4061
    2514       1.4763
    2515       1.4486
    2516       1.4840
    2517       1.4262
    2518       1.4262
    2519       1.4542
    2520       1.4902
    2521       1.4187
    2522       1.3933
    2523       1.4004
    2524       1.3896
    2525       1.4553
    2526       1.4605
    2527       1.4620
    2528       1.4392
    2529       1.5356
    2530       1.4520
    2531       1.3530
    2532       1.4076
    2533       1.3818
    2534       1.4473
    2535       1.4820
    2536       1.4559
    2537       1.4839
    2538       1.4877
    2539       1.3428
    2540       1.5275
    2541       1.4806
    2542       1.3970
    2543       1.3986
    2544       1.4139
    2545       1.4867
    2546       1.4126
    2547       1.4585
    2548       1.4054
    2549       1.3602
    2550       1.4909
    2551       1.4285
    2552       1.4250
    2553       1.3810
    2554       1.3904
    2555       1.4053
    2556       1.3407
    2557       1.4034
    2558       1.4264
    2559       1.3822
    2560       1.4139
    2561       1.4892
    2562       1.3870
    2563       1.4374
    2564       1.4207
    2565       1.4746
    2566       1.4179
    2567       1.4263
    2568       1.4564
    2569       1.4758
    2570       1.4142
    2571       1.3081
    2572       1.3841
    2573       1.4340
    2574       1.3362
    2575       1.3755
    2576       1.5130
    2577       1.4438
    2578       1.4338
    2579       1.4281
    2580       1.4566
    2581       1.4655
    2582       1.5100
    2583       1.4311
    2584       1.4137
    2585       1.3895
    2586       1.4908
    2587       1.4145
    2588       1.4020
    2589       1.4355
    2590       1.3064
    2591       1.4991
    2592       1.4331
    2593       1.4540
    2594       1.4267
    2595       1.4366
    2596       1.3631
    2597       1.4054
    2598       1.3526
    2599       1.4461
    2600       1.4408
    2601       1.4216
    2602       1.4895
    2603       1.4601
    2604       1.4297
    2605       1.4888
    2606       1.4477
    2607       1.4881
    2608       1.3914
    2609       1.3362
    2610       1.5167
    2611       1.3676
    2612       1.4291
    2613       1.3944
    2614       1.3994
    2615       1.4034
    2616       1.4255
    2617       1.3579
    2618       1.3279
    2619       1.4335
    2620       1.4380
    2621       1.3238
    2622       1.4535
    2623       1.4483
    2624       1.4060
    2625       1.4409
    2626       1.4622
    2627       1.4494
    2628       1.4014
    2629       1.4192
    2630       1.4410
    2631       1.4671
    2632       1.4300
    2633       1.4668
    2634       1.3951
    2635       1.3776
    2636       1.3924
    2637       1.4319
    2638       1.3208
    2639       1.3866
    2640       1.4263
    2641       1.3716
    2642       1.5001
    2643       1.5055
    2644       1.4093
    2645       1.4832
    2646       1.4150
    2647       1.4581
    2648       1.4396
    2649       1.4344
    2650       1.4254
    2651       1.3846
    2652       1.3308
    2653       1.3989
    2654       1.3359
    2655       1.3618
    2656       1.4313
    2657       1.4495
    2658       1.4450
    2659       1.4463
    2660       1.3941
    2661       1.3801
    2662       1.4129
    2663       1.4442
    2664       1.3328
    2665       1.3713
    2666       1.4556
    2667       1.4243
    2668       1.4005
    2669       1.3951
    2670       1.3785
    2671       1.4218
    2672       1.4089
    2673       1.4562
    2674       1.3779
    2675       1.3938
    2676       1.3721
    2677       1.3492
    2678       1.4154
    2679       1.4526
    2680       1.3462
    2681       1.4009
    2682       1.4074
    2683       1.4585
    2684       1.3650
    2685       1.4648
    2686       1.4755
    2687       1.4076
    2688       1.3641
    2689       1.3846
    2690       1.4228
    2691       1.4539
    2692       1.4481
    2693       1.4519
    2694       1.4287
    2695       1.4249
    2696       1.5078
    2697       1.4524
    2698       1.4396
    2699       1.3867
    2700       1.4496
    2701       1.4398
    2702       1.4925
    2703       1.4139
    2704       1.3807
    2705       1.3552
    2706       1.3691
    2707       1.4060
    2708       1.3549
    2709       1.4595
    2710       1.3876
    2711       1.3559
    2712       1.3932
    2713       1.4568
    2714       1.4162
    2715       1.3734
    2716       1.3180
    2717       1.4118
    2718       1.4934
    2719       1.3564
    2720       1.3686
    2721       1.3336
    2722       1.3413
    2723       1.4399
    2724       1.4130
    2725       1.3101
    2726       1.3916
    2727       1.3864
    2728       1.4397
    2729       1.3036
    2730       1.2690
    2731       1.3128
    2732       1.3433
    2733       1.3835
    2734       1.4306
    2735       1.4601
    2736       1.4758
    2737       1.3517
    2738       1.5027
    2739       1.4029
    2740       1.4203
    2741       1.5005
    2742       1.3907
    2743       1.4646
    2744       1.3850
    2745       1.4387
    2746       1.3625
    2747       1.3318
    2748       1.4045
    2749       1.4744
    2750       1.4777
    2751       1.4523
    2752       1.4522
    2753       1.3452
    2754       1.3936
    2755       1.4011
    2756       1.4530
    2757       1.4193
    2758       1.3704
    2759       1.4097
    2760       1.4080
    2761       1.5248
    2762       1.3930
    2763       1.4212
    2764       1.4394
    2765       1.3170
    2766       1.4552
    2767       1.4143
    2768       1.3889
    2769       1.3287
    2770       1.3802
    2771       1.5067
    2772       1.4616
    2773       1.4603
    2774       1.3880
    2775       1.4313
    2776       1.4791
    2777       1.3185
    2778       1.4358
    2779       1.4178
    2780       1.3568
    2781       1.3876
    2782       1.3771
    2783       1.3618
    2784       1.3807
    2785       1.4298
    2786       1.4499
    2787       1.3862
    2788       1.5174
    2789       1.4487
    2790       1.3971
    2791       1.4062
    2792       1.4493
    2793       1.4217
    2794       1.4312
    2795       1.4417
    2796       1.3455
    2797       1.4573
    2798       1.4466
    2799       1.3047
    2800       1.3464
    2801       1.3940
    2802       1.4974
    2803       1.4586
    2804       1.3673
    2805       1.3648
    2806       1.4406
    2807       1.4540
    2808       1.4619
    2809       1.4871
    2810       1.4592
    2811       1.3893
    2812       1.4539
    2813       1.4933
    2814       1.4981
    2815       1.4508
    2816       1.5472
    2817       1.4970
    2818       1.4727
    2819       1.4530
    2820       1.4501
    2821       1.5009
    2822       1.3905
    2823       1.3497
    2824       1.4308
    2825       1.4043
    2826       1.4613
    2827       1.5136
    2828       1.5258
    2829       1.4334
    2830       1.4461
    2831       1.4574
    2832       1.4314
    2833       1.3118
    2834       1.4884
    2835       1.5202
    2836       1.5509
    2837       1.5476
    2838       1.4760
    2839       1.4533
    2840       1.4604
    2841       1.4102
    2842       1.4567
    2843       1.4204
    2844       1.5101
    2845       1.4171
    2846       1.4227
    2847       1.3962
    2848       1.4305
    2849       1.3931
    2850       1.3653
    2851       1.4516
    2852       1.4586
    2853       1.4049
    2854       1.3198
    2855       1.3067
    2856       1.3824
    2857       1.3959
    2858       1.3656
    2859       1.3607
    2860       1.4026
    2861       1.4214
    2862       1.3537
    2863       1.4749
    2864       1.5055
    2865       1.4248
    2866       1.4869
    2867       1.5302
    2868       1.3438
    2869       1.3879
    2870       1.4005
    2871       1.3186
    2872       1.3669
    2873       1.4143
    2874       1.3065
    2875       1.3378
    2876       1.3535
    2877       1.4029
    2878       1.3490
    2879       1.3137
    2880       1.3719
    2881       1.3919
    2882       1.3901
    2883       1.3518
    2884       1.4815
    2885       1.3631
    2886       1.4092
    2887       1.3984
    2888       1.5020
    2889       1.4451
    2890       1.4845
    2891       1.4168
    2892       1.4697
    2893       1.3047
    2894       1.3246
    2895       1.4311
    2896       1.4965
    2897       1.4834
    2898       1.4466
    2899       1.4517
    2900       1.4097
    2901       1.4219
    2902       1.3719
    2903       1.3760
    2904       1.3775
    2905       1.3341
    2906       1.3501
    2907       1.4058
    2908       1.4522
    2909       1.3971
    2910       1.3742
    2911       1.4160
    2912       1.4646
    2913       1.4112
    2914       1.4485
    2915       1.4847
    2916       1.3427
    2917       1.4685
    2918       1.4575
    2919       1.3641
    2920       1.2870
    2921       1.4028
    2922       1.4198
    2923       1.3758
    2924       1.4175
    2925       1.4286
    2926       1.4674
    2927       1.4507
    2928       1.4784
    2929       1.4927
    2930       1.3608
    2931       1.4618
    2932       1.4097
    2933       1.4187
    2934       1.4720
    2935       1.3688
    2936       1.4026
    2937       1.4431
    2938       1.4423
    2939       1.3927
    2940       1.4256
    2941       1.4306
    2942       1.4587
    2943       1.4553
    2944       1.4308
    2945       1.3513
    2946       1.4296
    2947       1.4724
    2948       1.4371
    2949       1.4382
    2950       1.4378
    2951       1.4776
    2952       1.4160
    2953       1.4803
    2954       1.4963
    2955       1.3859
    2956       1.4109
    2957       1.4357
    2958       1.3156
    2959       1.4029
    2960       1.4095
    2961       1.4003
    2962       1.4147
    2963       1.3399
    2964       1.3434
    2965       1.4205
    2966       1.4860
    2967       1.4314
    2968       1.3556
    2969       1.2810
    2970       1.3099
    2971       1.4014
    2972       1.4328
    2973       1.4139
    2974       1.4058
    2975       1.3778
    2976       1.3872
    2977       1.4226
    2978       1.4739
    2979       1.4595
    2980       1.3661
    2981       1.4999
    2982       1.4634
    2983       1.4704
    2984       1.4000
    2985       1.4121
    2986       1.4915
    2987       1.4264
    2988       1.4391
    2989       1.3865
    2990       1.3597
    2991       1.3653
    2992       1.4653
    2993       1.4420
    2994       1.4985
    2995       1.3811
    2996       1.4487
    2997       1.4401
    2998       1.4286
    2999       1.4653
    3000       1.4362
