#Frame     RMSD_00003
       1       0.0000
       2       0.4193
       3       0.2720
       4       0.3163
       5       0.3864
       6       0.2683
       7       0.3181
       8       0.8638
       9       0.2483
      10       0.3314
      11       0.3623
      12       0.3132
      13       0.2258
      14       0.3440
      15       0.2608
      16       0.3023
      17       0.4219
      18       0.3585
      19       0.6844
      20       0.4084
      21       0.2946
      22       0.8868
      23       0.8072
      24       0.8942
      25       0.3480
      26       0.4885
      27       0.3720
      28       0.2812
      29       0.3855
      30       0.5856
      31       0.3292
      32       0.6730
      33       0.6104
      34       0.3414
      35       0.3652
      36       0.3568
      37       0.3752
      38       0.3712
      39       0.3951
      40       0.4340
      41       0.7573
      42       0.3297
      43       0.6060
      44       0.2691
      45       0.6342
      46       0.2852
      47       0.3105
      48       0.2818
      49       0.2964
      50       0.3480
      51       0.4321
      52       0.6643
      53       0.3673
      54       0.5349
      55       0.3046
      56       0.3986
      57       0.6043
      58       0.3367
      59       0.4346
      60       0.3986
      61       0.2705
      62       0.3010
      63       0.4545
      64       0.3388
      65       0.3282
      66       0.3771
      67       0.3342
      68       0.3150
      69       0.4677
      70       0.3454
      71       0.3362
      72       0.2690
      73       0.4367
      74       0.4468
      75       0.7061
      76       0.3448
      77       0.3593
      78       0.3505
      79       0.6381
      80       0.3191
      81       0.3013
      82       0.3969
      83       0.3552
      84       0.3558
      85       0.3306
      86       0.6871
      87       0.5869
      88       0.5746
      89       0.3995
      90       0.8338
      91       0.6222
      92       0.3259
      93       0.3555
      94       0.4439
      95       0.3673
      96       0.6114
      97       0.7724
      98       0.7119
      99       0.4160
     100       0.4544
     101       0.4492
     102       0.4728
     103       0.4296
     104       0.3815
     105       0.3724
     106       0.6739
     107       0.6225
     108       0.4076
     109       0.4648
     110       0.5401
     111       0.6049
     112       0.3885
     113       0.6494
     114       0.3432
     115       0.3394
     116       0.3908
     117       0.4453
     118       0.4149
     119       0.3464
     120       0.4304
     121       0.3852
     122       0.4397
     123       0.4877
     124       0.6988
     125       0.4609
     126       0.6971
     127       0.4840
     128       0.6645
     129       0.7640
     130       0.7538
     131       0.6065
     132       0.6724
     133       0.5746
     134       0.6986
     135       0.6900
     136       0.6853
     137       0.6727
     138       0.6678
     139       0.6612
     140       0.6495
     141       0.6056
     142       0.6136
     143       0.6258
     144       0.6782
     145       0.7605
     146       0.6476
     147       0.7245
     148       0.7011
     149       0.7248
     150       0.7315
     151       0.6702
     152       0.6575
     153       0.5526
     154       0.7073
     155       0.6099
     156       0.6509
     157       0.6112
     158       0.6279
     159       0.6577
     160       0.6565
     161       0.6913
     162       0.6699
     163       0.6908
     164       0.7611
     165       0.6538
     166       0.8274
     167       0.6118
     168       0.6710
     169       0.6209
     170       0.4487
     171       0.5682
     172       0.6634
     173       0.6783
     174       0.6268
     175       0.6397
     176       0.6276
     177       0.7693
     178       0.3772
     179       0.6233
     180       0.6140
     181       0.6040
     182       0.6386
     183       0.6632
     184       0.4522
     185       0.7092
     186       0.6546
     187       0.6370
     188       0.5782
     189       0.6699
     190       0.5712
     191       0.6413
     192       0.7348
     193       0.7626
     194       0.9379
     195       0.8699
     196       0.8136
     197       0.6752
     198       0.7243
     199       0.7395
     200       0.4238
     201       0.6107
     202       0.5822
     203       0.5398
     204       0.5739
     205       0.5639
     206       0.5643
     207       0.5995
     208       0.6543
     209       0.6115
     210       0.7212
     211       0.7382
     212       0.5591
     213       0.6278
     214       0.5761
     215       0.7154
     216       0.6236
     217       0.5980
     218       0.8249
     219       0.7040
     220       0.6793
     221       0.6510
     222       0.7119
     223       0.6574
     224       0.8066
     225       0.7911
     226       0.8187
     227       0.8657
     228       0.8344
     229       0.8703
     230       0.7730
     231       0.8544
     232       0.8356
     233       0.8344
     234       0.8263
     235       0.9065
     236       0.8318
     237       0.8180
     238       0.8842
     239       0.8810
     240       0.8197
     241       0.8450
     242       0.8803
     243       0.7043
     244       0.4398
     245       0.3930
     246       0.6102
     247       0.6239
     248       0.6405
     249       0.6520
     250       0.7021
     251       0.6848
     252       0.7209
     253       0.6295
     254       0.6311
     255       0.6731
     256       0.6922
     257       0.7200
     258       0.7049
     259       0.6845
     260       0.6827
     261       0.7510
     262       0.7160
     263       0.6354
     264       0.6040
     265       0.6919
     266       0.7132
     267       0.6950
     268       0.6917
     269       0.5512
     270       0.6149
     271       0.7199
     272       0.6877
     273       0.6843
     274       0.6784
     275       0.5521
     276       0.6656
     277       0.5803
     278       0.8376
     279       0.7276
     280       0.6481
     281       0.6726
     282       0.6437
     283       0.7390
     284       0.6202
     285       0.7137
     286       0.5705
     287       0.7063
     288       0.6698
     289       0.7087
     290       0.5752
     291       0.7069
     292       0.7152
     293       0.7768
     294       0.6697
     295       0.7202
     296       0.7714
     297       0.5617
     298       0.7043
     299       0.7434
     300       0.5481
     301       0.6844
     302       0.6597
     303       0.6945
     304       0.6482
     305       0.6158
     306       0.6493
     307       0.6407
     308       0.7287
     309       0.7253
     310       0.6806
     311       0.5772
     312       0.7020
     313       0.7596
     314       0.7073
     315       0.7069
     316       0.6922
     317       0.6062
     318       0.6795
     319       0.7039
     320       0.7372
     321       0.7102
     322       0.6611
     323       0.7595
     324       0.6535
     325       0.8733
     326       0.8718
     327       0.8005
     328       0.8305
     329       0.8450
     330       0.8833
     331       0.7450
     332       0.6594
     333       0.7227
     334       0.7175
     335       0.8090
     336       0.7355
     337       0.7844
     338       0.7315
     339       0.6088
     340       0.6545
     341       0.7227
     342       0.6239
     343       0.7209
     344       0.6501
     345       0.7124
     346       0.7577
     347       0.6877
     348       0.6694
     349       0.7012
     350       0.6564
     351       0.7096
     352       0.7249
     353       0.6214
     354       0.7108
     355       0.6522
     356       0.7032
     357       0.8161
     358       0.6399
     359       0.6709
     360       0.6521
     361       0.8790
     362       0.8598
     363       0.8976
     364       0.8954
     365       0.8597
     366       0.8778
     367       0.8474
     368       0.8646
     369       0.8290
     370       0.8828
     371       0.8462
     372       0.9116
     373       0.9122
     374       0.7781
     375       0.7934
     376       0.8048
     377       0.6445
     378       0.6528
     379       0.5966
     380       0.6576
     381       0.6659
     382       0.6912
     383       0.6771
     384       0.6570
     385       0.7200
     386       0.7718
     387       0.7357
     388       0.6343
     389       0.6875
     390       0.7521
     391       0.7382
     392       0.6321
     393       0.8080
     394       0.6560
     395       0.6828
     396       0.6686
     397       0.7901
     398       0.8109
     399       0.6939
     400       0.6778
     401       0.6144
     402       0.5989
     403       0.6594
     404       0.8296
     405       0.7504
     406       0.6736
     407       0.7651
     408       0.6859
     409       0.6175
     410       0.7996
     411       0.5305
     412       0.7103
     413       0.7186
     414       0.6894
     415       0.6843
     416       0.6703
     417       0.5928
     418       0.7416
     419       0.6168
     420       0.7047
     421       0.6512
     422       0.6607
     423       0.7009
     424       0.7091
     425       0.6772
     426       0.6972
     427       0.7304
     428       0.7288
     429       0.6821
     430       0.6772
     431       0.6604
     432       0.7697
     433       0.8767
     434       0.7052
     435       0.6916
     436       0.5094
     437       0.3213
     438       0.7613
     439       0.6437
     440       0.6917
     441       0.6698
     442       0.6652
     443       0.8623
     444       0.8823
     445       0.8517
     446       0.9071
     447       0.5976
     448       0.8124
     449       0.6652
     450       0.6344
     451       0.6337
     452       0.7021
     453       0.6740
     454       0.6470
     455       0.6438
     456       0.6577
     457       0.6503
     458       0.6811
     459       0.6321
     460       0.7021
     461       0.7277
     462       0.8166
     463       0.7232
     464       0.6848
     465       0.6224
     466       0.6813
     467       0.6690
     468       0.6310
     469       0.6445
     470       0.7846
     471       0.6484
     472       0.5839
     473       0.6398
     474       0.9041
     475       0.7796
     476       0.8748
     477       0.7083
     478       0.6200
     479       0.7322
     480       0.6744
     481       0.6105
     482       0.5115
     483       0.7263
     484       0.6620
     485       0.6666
     486       0.6618
     487       0.7081
     488       0.7042
     489       0.7614
     490       0.6807
     491       0.6134
     492       0.8182
     493       0.6133
     494       0.6641
     495       0.7074
     496       0.6863
     497       0.7023
     498       0.6796
     499       0.7427
     500       0.6083
     501       0.7112
     502       0.6346
     503       0.6410
     504       0.4541
     505       0.6503
     506       0.7016
     507       0.7014
     508       0.6241
     509       0.4341
     510       0.4498
     511       0.6461
     512       0.6739
     513       0.6227
     514       0.6152
     515       0.5463
     516       0.6284
     517       0.6482
     518       0.5899
     519       0.7053
     520       0.6697
     521       0.5008
     522       0.7442
     523       0.6797
     524       0.6657
     525       0.6470
     526       0.6923
     527       0.7467
     528       0.5772
     529       0.6832
     530       0.5529
     531       0.7191
     532       0.5794
     533       0.7293
     534       0.6306
     535       0.5770
     536       0.7079
     537       0.6632
     538       0.6479
     539       0.6812
     540       0.6814
     541       0.6293
     542       0.6953
     543       0.6715
     544       0.6506
     545       0.5464
     546       0.6079
     547       0.4680
     548       0.6548
     549       0.6762
     550       0.7786
     551       0.6272
     552       0.5942
     553       0.7058
     554       0.6348
     555       0.6032
     556       0.6988
     557       0.5575
     558       0.7160
     559       0.6400
     560       0.6490
     561       0.6978
     562       0.6222
     563       0.6379
     564       0.6758
     565       0.6799
     566       0.7147
     567       0.6345
     568       0.6981
     569       0.6642
     570       0.6806
     571       0.4793
     572       0.5997
     573       0.6389
     574       0.7099
     575       0.7005
     576       0.6577
     577       0.6606
     578       0.5780
     579       0.6615
     580       0.6498
     581       0.5710
     582       0.7055
     583       0.6014
     584       0.6738
     585       0.5996
     586       0.6870
     587       0.6178
     588       0.6630
     589       0.8431
     590       0.8364
     591       0.7978
     592       0.8405
     593       0.8987
     594       0.8279
     595       0.8224
     596       0.8333
     597       0.7915
     598       0.8050
     599       0.8078
     600       0.8814
     601       0.8000
     602       0.8535
     603       0.9281
     604       0.9478
     605       0.8304
     606       0.8504
     607       0.8127
     608       0.7741
     609       0.8112
     610       0.8401
     611       0.8524
     612       0.8176
     613       0.8021
     614       0.8337
     615       0.8235
     616       0.8591
     617       0.8456
     618       0.8760
     619       0.8201
     620       0.8691
     621       0.8352
     622       0.8350
     623       0.8594
     624       0.8351
     625       0.8707
     626       0.8709
     627       0.8580
     628       0.8327
     629       0.8703
     630       0.8151
     631       0.8148
     632       0.8692
     633       0.8425
     634       0.8687
     635       0.8609
     636       0.7920
     637       0.7705
     638       0.9247
     639       0.8707
     640       0.8213
     641       0.8045
     642       0.8160
     643       0.7769
     644       0.8300
     645       0.8008
     646       0.8651
     647       0.8435
     648       0.8353
     649       0.8535
     650       0.7654
     651       0.8010
     652       0.8031
     653       0.8037
     654       0.9875
     655       0.8357
     656       0.8519
     657       0.8952
     658       0.8940
     659       0.8440
     660       0.8397
     661       0.8618
     662       0.7954
     663       0.8480
     664       0.8676
     665       0.8892
     666       0.8177
     667       0.8770
     668       0.9007
     669       0.8355
     670       0.8488
     671       0.8327
     672       0.8792
     673       0.9064
     674       0.8685
     675       0.8271
     676       0.8592
     677       0.8073
     678       0.7847
     679       0.8284
     680       0.8486
     681       0.7853
     682       0.8202
     683       0.8674
     684       0.8966
     685       0.8045
     686       0.8707
     687       0.8230
     688       0.8742
     689       0.8417
     690       0.7646
     691       0.8296
     692       0.8008
     693       0.8678
     694       0.8265
     695       0.8553
     696       0.8186
     697       0.8248
     698       0.8143
     699       0.9059
     700       0.8683
     701       0.8022
     702       0.8036
     703       0.8909
     704       0.9409
     705       0.8806
     706       0.8575
     707       0.8337
     708       0.8898
     709       0.8208
     710       0.8836
     711       0.8072
     712       0.8338
     713       0.7448
     714       0.7447
     715       0.6191
     716       0.6643
     717       0.7524
     718       0.7036
     719       0.6478
     720       0.6894
     721       0.6817
     722       0.7290
     723       0.6288
     724       0.7346
     725       0.6398
     726       0.6334
     727       0.6684
     728       0.7343
     729       0.6582
     730       0.6456
     731       0.4269
     732       0.6987
     733       0.6367
     734       0.6601
     735       0.6261
     736       0.7409
     737       0.7216
     738       0.6481
     739       0.6548
     740       0.5620
     741       0.7990
     742       0.5949
     743       0.6934
     744       0.6372
     745       0.7470
     746       0.7561
     747       0.6187
     748       0.6431
     749       0.6982
     750       0.6186
     751       0.8832
     752       0.6569
     753       0.6557
     754       0.6826
     755       0.6370
     756       0.5263
     757       0.7119
     758       0.5454
     759       0.7571
     760       0.7274
     761       0.3868
     762       0.5792
     763       0.6038
     764       0.6319
     765       0.6421
     766       0.6663
     767       0.7528
     768       0.7034
     769       0.7012
     770       0.6297
     771       0.6409
     772       0.7019
     773       0.6556
     774       0.7151
     775       0.7522
     776       0.6414
     777       0.6906
     778       0.6814
     779       0.7355
     780       0.6411
     781       0.6357
     782       0.4877
     783       0.7278
     784       0.7146
     785       0.6632
     786       0.7359
     787       0.6747
     788       0.7031
     789       0.6408
     790       0.8644
     791       0.8653
     792       0.8970
     793       0.8581
     794       0.8638
     795       0.8688
     796       0.8874
     797       0.8256
     798       0.8275
     799       0.8673
     800       0.8254
     801       0.8130
     802       0.8794
     803       0.8890
     804       0.8825
     805       0.9104
     806       0.8483
     807       0.9101
     808       0.7886
     809       0.8611
     810       0.8680
     811       0.7104
     812       0.6674
     813       0.6819
     814       0.6618
     815       0.8446
     816       0.9311
     817       0.8917
     818       0.8197
     819       0.8096
     820       0.8589
     821       0.6337
     822       0.6825
     823       0.6329
     824       0.6657
     825       0.8127
     826       0.6972
     827       0.7257
     828       0.7109
     829       0.7032
     830       0.7013
     831       0.7044
     832       0.7113
     833       0.6833
     834       0.7275
     835       0.6752
     836       0.6709
     837       0.7967
     838       0.6955
     839       0.6987
     840       0.7677
     841       0.7833
     842       0.4604
     843       0.5845
     844       0.6689
     845       0.7648
     846       0.7064
     847       0.6303
     848       0.6189
     849       0.6217
     850       0.7325
     851       0.7038
     852       0.6828
     853       0.6809
     854       0.6918
     855       0.6998
     856       0.6645
     857       0.6118
     858       0.7553
     859       0.7289
     860       0.6262
     861       0.7271
     862       0.6999
     863       0.6988
     864       0.7153
     865       0.6796
     866       0.6850
     867       0.5893
     868       0.6079
     869       0.6161
     870       0.8525
     871       0.8437
     872       0.8335
     873       0.9090
     874       0.9945
     875       0.9145
     876       0.9109
     877       0.8422
     878       0.8448
     879       0.8665
     880       0.6912
     881       0.6688
     882       0.7614
     883       0.6350
     884       0.7712
     885       0.6728
     886       0.7520
     887       0.7347
     888       0.7325
     889       0.7912
     890       0.6693
     891       0.7353
     892       0.6677
     893       0.7512
     894       0.7162
     895       0.7387
     896       0.7022
     897       0.6294
     898       0.7606
     899       0.7635
     900       0.7004
     901       0.7460
     902       0.6853
     903       0.5845
     904       0.7017
     905       0.7128
     906       0.8224
     907       0.7808
     908       0.7123
     909       0.7058
     910       0.6849
     911       0.7434
     912       0.6936
     913       0.7283
     914       0.5405
     915       0.7422
     916       0.7055
     917       0.7093
     918       0.7723
     919       0.6336
     920       0.6187
     921       0.6623
     922       0.6398
     923       0.5556
     924       0.6393
     925       0.6951
     926       0.6339
     927       0.6198
     928       0.6376
     929       0.7055
     930       0.6142
     931       0.6692
     932       0.7103
     933       0.6611
     934       0.6302
     935       0.7673
     936       0.7464
     937       0.6720
     938       0.7277
     939       0.6877
     940       0.6915
     941       0.7584
     942       0.8129
     943       0.6693
     944       0.7076
     945       0.8032
     946       0.7289
     947       0.6783
     948       0.5754
     949       0.6264
     950       0.6010
     951       0.6391
     952       0.7241
     953       0.7662
     954       0.8180
     955       0.6475
     956       0.7125
     957       0.7844
     958       0.8320
     959       0.7345
     960       0.6835
     961       0.6788
     962       0.7398
     963       0.7963
     964       0.6072
     965       0.7185
     966       0.7607
     967       0.6428
     968       0.6892
     969       0.6179
     970       0.7653
     971       0.7735
     972       0.6867
     973       0.8018
     974       0.7541
     975       0.7386
     976       0.6785
     977       0.7396
     978       0.6880
     979       0.8635
     980       0.4526
     981       0.6383
     982       0.6619
     983       0.7619
     984       0.7533
     985       0.6934
     986       0.6837
     987       0.5708
     988       0.6474
     989       0.6706
     990       0.6375
     991       0.7244
     992       0.8138
     993       0.7280
     994       0.6214
     995       0.6290
     996       0.6787
     997       0.6742
     998       0.6692
     999       0.6576
    1000       0.6826
    1001       0.6244
    1002       0.8430
    1003       0.6531
    1004       0.5615
    1005       0.6711
    1006       0.6517
    1007       0.6836
    1008       0.7228
    1009       0.7480
    1010       0.7566
    1011       0.7121
    1012       0.6334
    1013       0.6054
    1014       0.6520
    1015       0.7878
    1016       0.7115
    1017       0.7245
    1018       0.6281
    1019       0.6029
    1020       0.6841
    1021       0.6630
    1022       0.7074
    1023       0.7972
    1024       0.6780
    1025       0.6477
    1026       0.6484
    1027       0.8318
    1028       0.7236
    1029       0.7081
    1030       0.6676
    1031       0.6783
    1032       0.7004
    1033       0.6647
    1034       0.6983
    1035       0.7191
    1036       0.6256
    1037       0.6693
    1038       0.6718
    1039       0.6163
    1040       0.7028
    1041       0.5838
    1042       0.5788
    1043       0.7266
    1044       0.6870
    1045       0.6212
    1046       0.6700
    1047       0.6944
    1048       0.7173
    1049       0.6503
    1050       0.6990
    1051       0.6118
    1052       0.6847
    1053       0.6954
    1054       0.7191
    1055       0.6361
    1056       0.7780
    1057       0.5744
    1058       0.6748
    1059       0.6570
    1060       0.6414
    1061       0.5890
    1062       0.7069
    1063       0.5824
    1064       0.6903
    1065       0.6466
    1066       0.6599
    1067       0.6230
    1068       0.5568
    1069       0.6656
    1070       0.6448
    1071       0.6362
    1072       0.7119
    1073       0.6928
    1074       0.7283
    1075       0.6343
    1076       0.6891
    1077       0.5346
    1078       0.6444
    1079       0.6727
    1080       0.6566
    1081       0.7174
    1082       0.6951
    1083       0.5727
    1084       0.6883
    1085       0.7408
    1086       0.6218
    1087       0.6777
    1088       0.6303
    1089       0.7144
    1090       0.6053
    1091       0.6662
    1092       0.6557
    1093       0.6965
    1094       0.6410
    1095       0.7228
    1096       0.7256
    1097       0.6175
    1098       0.6762
    1099       0.7185
    1100       0.6960
    1101       0.6638
    1102       0.6552
    1103       0.7987
    1104       0.7532
    1105       0.7623
    1106       0.7596
    1107       0.6602
    1108       0.7655
    1109       0.5995
    1110       0.7785
    1111       0.7279
    1112       0.6632
    1113       0.6197
    1114       0.6419
    1115       0.6032
    1116       0.6458
    1117       0.6656
    1118       0.5714
    1119       0.7063
    1120       0.7644
    1121       0.6729
    1122       0.7277
    1123       0.7110
    1124       0.5708
    1125       0.7574
    1126       0.7378
    1127       0.6158
    1128       0.6794
    1129       0.6493
    1130       0.6811
    1131       0.6447
    1132       0.7002
    1133       0.7480
    1134       0.5414
    1135       0.6715
    1136       0.5495
    1137       0.7223
    1138       0.7043
    1139       0.6617
    1140       0.6803
    1141       0.6759
    1142       0.7456
    1143       0.7735
    1144       0.7107
    1145       0.7137
    1146       0.6424
    1147       0.6614
    1148       0.6536
    1149       0.6541
    1150       0.5784
    1151       0.6480
    1152       0.7991
    1153       0.6256
    1154       0.7066
    1155       0.6488
    1156       0.7080
    1157       0.6304
    1158       0.6660
    1159       0.6940
    1160       0.6730
    1161       0.6530
    1162       0.6522
    1163       0.7255
    1164       0.6648
    1165       0.6317
    1166       0.6558
    1167       0.6117
    1168       0.6281
    1169       0.5742
    1170       0.6811
    1171       0.6587
    1172       0.6913
    1173       0.5752
    1174       0.7087
    1175       0.5867
    1176       0.6414
    1177       0.6969
    1178       0.6780
    1179       0.7026
    1180       0.6682
    1181       0.6238
    1182       0.7669
    1183       0.7265
    1184       0.6469
    1185       0.6151
    1186       0.6923
    1187       0.6240
    1188       0.6431
    1189       0.6736
    1190       0.6133
    1191       0.6502
    1192       0.6245
    1193       0.6543
    1194       0.6474
    1195       0.6542
    1196       0.6369
    1197       0.6487
    1198       0.6732
    1199       0.6746
    1200       0.5845
    1201       0.5937
    1202       0.7364
    1203       0.6606
    1204       0.6446
    1205       0.6230
    1206       0.6531
    1207       0.5638
    1208       0.6912
    1209       0.6495
    1210       0.5855
    1211       0.6202
    1212       0.6129
    1213       0.6718
    1214       0.5826
    1215       0.6939
    1216       0.6433
    1217       0.6251
    1218       0.6878
    1219       0.7093
    1220       0.6265
    1221       0.6060
    1222       0.6201
    1223       0.7264
    1224       0.6497
    1225       0.7176
    1226       0.6376
    1227       0.6375
    1228       0.6616
    1229       0.6487
    1230       0.6300
    1231       0.6642
    1232       0.6552
    1233       0.6844
    1234       0.6300
    1235       0.6698
    1236       0.7115
    1237       0.6944
    1238       0.6555
    1239       0.6715
    1240       0.6838
    1241       0.6209
    1242       0.5872
    1243       0.7084
    1244       0.6508
    1245       0.6709
    1246       0.7073
    1247       0.6173
    1248       0.6545
    1249       0.6085
    1250       0.6531
    1251       0.7260
    1252       0.6969
    1253       0.6113
    1254       0.5467
    1255       0.7403
    1256       0.6927
    1257       0.6940
    1258       0.5964
    1259       0.6860
    1260       0.7331
    1261       0.7000
    1262       0.6335
    1263       0.6745
    1264       0.6053
    1265       0.7316
    1266       0.6738
    1267       0.7097
    1268       0.6708
    1269       0.6372
    1270       0.6269
    1271       0.6717
    1272       0.6211
    1273       0.7036
    1274       0.6878
    1275       0.6276
    1276       0.7006
    1277       0.7252
    1278       0.7320
    1279       0.6333
    1280       0.8109
    1281       0.6427
    1282       0.7894
    1283       0.6888
    1284       0.7582
    1285       0.6949
    1286       0.6621
    1287       0.6194
    1288       0.6450
    1289       0.5845
    1290       0.6408
    1291       0.6251
    1292       0.6685
    1293       0.7024
    1294       0.6445
    1295       0.6474
    1296       0.7450
    1297       0.6976
    1298       0.6591
    1299       0.6588
    1300       0.6359
    1301       0.7028
    1302       0.5789
    1303       0.6051
    1304       0.6102
    1305       0.6347
    1306       0.7259
    1307       0.6788
    1308       0.5949
    1309       0.6498
    1310       0.6161
    1311       0.6427
    1312       0.6580
    1313       0.6744
    1314       0.5413
    1315       0.7465
    1316       0.6579
    1317       0.7480
    1318       0.6399
    1319       0.6997
    1320       0.6411
    1321       0.6091
    1322       0.6433
    1323       0.6710
    1324       0.6193
    1325       0.6318
    1326       0.7681
    1327       0.6461
    1328       0.7052
    1329       0.6209
    1330       0.6750
    1331       0.6140
    1332       0.6684
    1333       0.6864
    1334       0.6772
    1335       0.6209
    1336       0.7237
    1337       0.6962
    1338       0.6689
    1339       0.7097
    1340       0.6855
    1341       0.6532
    1342       0.7709
    1343       0.6999
    1344       0.7051
    1345       0.6623
    1346       0.6874
    1347       0.6550
    1348       0.7540
    1349       0.6525
    1350       0.6791
    1351       0.7375
    1352       0.6543
    1353       0.6200
    1354       0.6300
    1355       0.7040
    1356       0.6742
    1357       0.6586
    1358       0.6078
    1359       0.6870
    1360       0.6339
    1361       0.6067
    1362       0.6101
    1363       0.6763
    1364       0.7380
    1365       0.7537
    1366       0.6562
    1367       0.6948
    1368       0.7189
    1369       0.5867
    1370       0.7186
    1371       0.6352
    1372       0.7713
    1373       0.6638
    1374       0.6818
    1375       0.6455
    1376       0.7724
    1377       0.7381
    1378       0.6650
    1379       0.6256
    1380       0.7183
    1381       0.6353
    1382       0.6861
    1383       0.6013
    1384       0.5971
    1385       0.6362
    1386       0.6522
    1387       0.6769
    1388       0.5645
    1389       0.7521
    1390       0.6484
    1391       0.6336
    1392       0.6446
    1393       0.6342
    1394       0.6629
    1395       0.6427
    1396       0.7131
    1397       0.6971
    1398       0.7041
    1399       0.5236
    1400       0.7198
    1401       0.7228
    1402       0.6617
    1403       0.6226
    1404       0.7243
    1405       0.6606
    1406       0.7194
    1407       0.6504
    1408       0.6755
    1409       0.5786
    1410       0.7086
    1411       0.6623
    1412       0.7365
    1413       0.5769
    1414       0.6556
    1415       0.6473
    1416       0.5823
    1417       0.6539
    1418       0.6466
    1419       0.6725
    1420       0.6731
    1421       0.6577
    1422       0.7033
    1423       0.6141
    1424       0.6824
    1425       0.6775
    1426       0.6201
    1427       0.6626
    1428       0.6476
    1429       0.6737
    1430       0.7036
    1431       0.6083
    1432       0.6605
    1433       0.6105
    1434       0.6249
    1435       0.6646
    1436       0.7066
    1437       0.7683
    1438       0.7936
    1439       0.7436
    1440       0.5973
    1441       0.7715
    1442       0.6165
    1443       0.6201
    1444       0.6081
    1445       0.7088
    1446       0.6152
    1447       0.6682
    1448       0.7503
    1449       0.7705
    1450       0.7686
    1451       0.6103
    1452       0.7044
    1453       0.6843
    1454       0.6202
    1455       0.6297
    1456       0.6350
    1457       0.7760
    1458       0.6914
    1459       0.6418
    1460       0.6854
    1461       0.6904
    1462       0.7090
    1463       0.7662
    1464       0.6769
    1465       0.6544
    1466       0.6775
    1467       0.5977
    1468       0.6099
    1469       0.7661
    1470       0.6268
    1471       0.6434
    1472       0.5739
    1473       0.7681
    1474       0.6271
    1475       0.6843
    1476       0.6279
    1477       0.7165
    1478       0.7097
    1479       0.7344
    1480       0.8017
    1481       0.6206
    1482       0.7915
    1483       0.6858
    1484       0.6074
    1485       0.7117
    1486       0.6303
    1487       0.6758
    1488       0.6628
    1489       0.6055
    1490       0.5923
    1491       0.6832
    1492       0.5921
    1493       0.6446
    1494       0.6459
    1495       0.6665
    1496       0.6005
    1497       0.6561
    1498       0.6144
    1499       0.6265
    1500       0.6950
    1501       0.7527
    1502       0.6501
    1503       0.6784
    1504       0.7292
    1505       0.5780
    1506       0.6359
    1507       0.6249
    1508       0.5508
    1509       0.7509
    1510       0.5993
    1511       0.6363
    1512       0.6546
    1513       0.6320
    1514       0.7280
    1515       0.5890
    1516       0.6942
    1517       0.6523
    1518       0.6949
    1519       0.5815
    1520       0.6385
    1521       0.7049
    1522       0.6686
    1523       0.7320
    1524       0.7262
    1525       0.7138
    1526       0.6727
    1527       0.7697
    1528       0.6872
    1529       0.6921
    1530       0.7003
    1531       0.5876
    1532       0.5746
    1533       0.6447
    1534       0.7167
    1535       0.6546
    1536       0.6455
    1537       0.6969
    1538       0.6518
    1539       0.6925
    1540       0.7078
    1541       0.6674
    1542       0.6760
    1543       0.6779
    1544       0.6040
    1545       0.6020
    1546       0.6359
    1547       0.7079
    1548       0.7238
    1549       0.6894
    1550       0.6833
    1551       0.6290
    1552       0.6811
    1553       0.6292
    1554       0.7385
    1555       0.6447
    1556       0.6830
    1557       0.6869
    1558       0.7330
    1559       0.6299
    1560       0.6325
    1561       0.7410
    1562       0.5906
    1563       0.6914
    1564       0.6130
    1565       0.6688
    1566       0.6888
    1567       0.6204
    1568       0.6321
    1569       0.6880
    1570       0.6371
    1571       0.7002
    1572       0.7098
    1573       0.7136
    1574       0.7651
    1575       0.6867
    1576       0.5775
    1577       0.6509
    1578       0.7188
    1579       0.6459
    1580       0.6489
    1581       0.6883
    1582       0.7048
    1583       0.5994
    1584       0.6454
    1585       0.6498
    1586       0.6429
    1587       0.6673
    1588       0.6917
    1589       0.6592
    1590       0.5972
    1591       0.6330
    1592       0.6023
    1593       0.5800
    1594       0.6459
    1595       0.5871
    1596       0.6639
    1597       0.6522
    1598       0.7148
    1599       0.6277
    1600       0.6633
    1601       0.6881
    1602       0.6912
    1603       0.6019
    1604       0.5865
    1605       0.6535
    1606       0.6484
    1607       0.6684
    1608       0.6830
    1609       0.6748
    1610       0.6759
    1611       0.7300
    1612       0.6670
    1613       0.6723
    1614       0.6446
    1615       0.6477
    1616       0.6061
    1617       0.6951
    1618       0.6410
    1619       0.5565
    1620       0.6480
    1621       0.6912
    1622       0.7249
    1623       0.7163
    1624       0.6278
    1625       0.7076
    1626       0.6400
    1627       0.7200
    1628       0.6804
    1629       0.6869
    1630       0.6499
    1631       0.6529
    1632       0.6680
    1633       0.6883
    1634       0.6523
    1635       0.5898
    1636       0.6641
    1637       0.6846
    1638       0.6230
    1639       0.7232
    1640       0.6640
    1641       0.6249
    1642       0.6835
    1643       0.6382
    1644       0.6666
    1645       0.7352
    1646       0.6351
    1647       0.7861
    1648       0.7816
    1649       0.7089
    1650       0.7018
    1651       0.6299
    1652       0.7359
    1653       0.7429
    1654       0.6459
    1655       0.6607
    1656       0.6869
    1657       0.6581
    1658       0.7684
    1659       0.7758
    1660       0.6864
    1661       0.6780
    1662       0.7540
    1663       0.7187
    1664       0.7368
    1665       0.7226
    1666       0.5797
    1667       0.5996
    1668       0.8314
    1669       0.6856
    1670       0.7227
    1671       0.7918
    1672       0.7052
    1673       0.7300
    1674       0.8069
    1675       0.6410
    1676       0.6283
    1677       0.7050
    1678       0.5951
    1679       0.6349
    1680       0.5915
    1681       0.6648
    1682       0.6140
    1683       0.6065
    1684       0.6427
    1685       0.7111
    1686       0.7536
    1687       0.6312
    1688       0.7152
    1689       0.6327
    1690       0.6504
    1691       0.7287
    1692       0.6561
    1693       0.7342
    1694       0.6051
    1695       0.6468
    1696       0.6005
    1697       0.6570
    1698       0.6793
    1699       0.6536
    1700       0.6389
    1701       0.5741
    1702       0.6914
    1703       0.6097
    1704       0.6943
    1705       0.6329
    1706       0.6308
    1707       0.6826
    1708       0.6333
    1709       0.6113
    1710       0.6496
    1711       0.6281
    1712       0.6788
    1713       0.8580
    1714       0.6292
    1715       0.7103
    1716       0.7324
    1717       0.8422
    1718       0.6261
    1719       0.7788
    1720       0.7105
    1721       0.6557
    1722       0.6296
    1723       0.7410
    1724       0.6687
    1725       0.7061
    1726       0.6442
    1727       0.6585
    1728       0.6947
    1729       0.7276
    1730       0.7512
    1731       0.6658
    1732       0.7738
    1733       0.7577
    1734       0.8245
    1735       0.7987
    1736       0.7172
    1737       0.8840
    1738       0.6879
    1739       0.7195
    1740       0.7554
    1741       0.6718
    1742       0.8010
    1743       0.6393
    1744       0.6653
    1745       0.7570
    1746       0.6554
    1747       0.7296
    1748       0.6656
    1749       0.6516
    1750       0.8198
    1751       0.7371
    1752       0.6765
    1753       0.6943
    1754       0.7217
    1755       0.6916
    1756       0.7144
    1757       0.6062
    1758       0.6821
    1759       0.6078
    1760       0.6963
    1761       0.5985
    1762       0.6808
    1763       0.6169
    1764       0.8476
    1765       0.7763
    1766       0.6861
    1767       0.6201
    1768       0.6498
    1769       0.6387
    1770       0.6762
    1771       0.7402
    1772       0.6170
    1773       0.6893
    1774       0.7718
    1775       0.6095
    1776       0.6264
    1777       0.6709
    1778       0.5991
    1779       0.6221
    1780       0.7774
    1781       0.6317
    1782       0.5702
    1783       0.7350
    1784       0.6441
    1785       0.7199
    1786       0.7007
    1787       0.5734
    1788       0.6971
    1789       0.7584
    1790       0.6278
    1791       0.6607
    1792       0.6556
    1793       0.6478
    1794       0.6296
    1795       0.6921
    1796       0.6455
    1797       0.7038
    1798       0.6696
    1799       0.7446
    1800       0.8015
    1801       0.7040
    1802       0.6831
    1803       0.7075
    1804       0.6574
    1805       0.6932
    1806       0.6932
    1807       0.6768
    1808       0.6767
    1809       0.6471
    1810       0.6492
    1811       0.6806
    1812       0.6792
    1813       0.8743
    1814       0.7573
    1815       0.6312
    1816       0.6369
    1817       0.6299
    1818       0.6571
    1819       0.6158
    1820       0.6964
    1821       0.5301
    1822       0.6659
    1823       0.5874
    1824       0.6128
    1825       0.5778
    1826       0.5744
    1827       0.7339
    1828       0.5717
    1829       0.7203
    1830       0.6934
    1831       0.5835
    1832       0.6396
    1833       0.6799
    1834       0.6340
    1835       0.7072
    1836       0.5635
    1837       0.6202
    1838       0.7053
    1839       0.5744
    1840       0.6337
    1841       0.6717
    1842       0.6435
    1843       0.6937
    1844       0.7046
    1845       0.5192
    1846       0.6378
    1847       0.5573
    1848       0.6818
    1849       0.5341
    1850       0.5365
    1851       0.6887
    1852       0.7139
    1853       0.7587
    1854       0.6645
    1855       0.5466
    1856       0.6179
    1857       0.5387
    1858       0.6200
    1859       0.5479
    1860       0.6827
    1861       0.7231
    1862       0.7242
    1863       0.7016
    1864       0.6201
    1865       0.6514
    1866       0.6942
    1867       0.6811
    1868       0.6352
    1869       0.6566
    1870       0.5676
    1871       0.6015
    1872       0.6602
    1873       0.5601
    1874       0.6007
    1875       0.7039
    1876       0.6786
    1877       0.6601
    1878       0.7182
    1879       0.7291
    1880       0.6343
    1881       0.6139
    1882       0.6204
    1883       0.6596
    1884       0.6109
    1885       0.6341
    1886       0.6844
    1887       0.6859
    1888       0.5811
    1889       0.6479
    1890       0.6567
    1891       0.6854
    1892       0.5579
    1893       0.7160
    1894       0.5914
    1895       0.6001
    1896       0.6886
    1897       0.5960
    1898       0.5765
    1899       0.6367
    1900       0.6153
    1901       0.6238
    1902       0.5594
    1903       0.6335
    1904       0.7236
    1905       0.6728
    1906       0.6427
    1907       0.6319
    1908       0.6329
    1909       0.6127
    1910       0.6217
    1911       0.7229
    1912       0.6655
    1913       0.7118
    1914       0.6715
    1915       0.6275
    1916       0.7326
    1917       0.6149
    1918       0.5929
    1919       0.6622
    1920       0.6587
    1921       0.5878
    1922       0.6815
    1923       0.6414
    1924       0.6701
    1925       0.7376
    1926       0.7602
    1927       0.6747
    1928       0.6446
    1929       0.6238
    1930       0.5852
    1931       0.7868
    1932       0.6159
    1933       0.7028
    1934       0.7380
    1935       0.6544
    1936       0.6417
    1937       0.4924
    1938       0.6404
    1939       0.6248
    1940       0.6175
    1941       0.6622
    1942       0.7964
    1943       0.6323
    1944       0.6282
    1945       0.6141
    1946       0.6068
    1947       0.7084
    1948       0.6444
    1949       0.6418
    1950       0.6963
    1951       0.7405
    1952       0.5785
    1953       0.7462
    1954       0.6857
    1955       0.6886
    1956       0.7526
    1957       0.6364
    1958       0.6358
    1959       0.7028
    1960       0.6517
    1961       0.6269
    1962       0.6983
    1963       0.6904
    1964       0.6637
    1965       0.7138
    1966       0.6027
    1967       0.7008
    1968       0.6505
    1969       0.7754
    1970       0.7324
    1971       0.7921
    1972       0.6408
    1973       0.8002
    1974       0.6492
    1975       0.6424
    1976       0.7419
    1977       0.6835
    1978       0.6620
    1979       0.6548
    1980       0.5806
    1981       0.6866
    1982       0.5857
    1983       0.6767
    1984       0.6461
    1985       0.7968
    1986       0.7795
    1987       0.8158
    1988       0.5948
    1989       0.6486
    1990       0.7183
    1991       0.8271
    1992       0.6071
    1993       0.6833
    1994       0.6076
    1995       0.6630
    1996       0.6016
    1997       0.6439
    1998       0.6002
    1999       0.6986
    2000       0.5727
    2001       0.6410
    2002       0.6782
    2003       0.6733
    2004       0.6578
    2005       0.7448
    2006       0.7176
    2007       0.6877
    2008       0.6576
    2009       0.7035
    2010       0.7154
    2011       0.6204
    2012       0.6948
    2013       0.7684
    2014       0.6041
    2015       0.6182
    2016       0.5650
    2017       0.5930
    2018       0.7050
    2019       0.7258
    2020       0.6557
    2021       0.6522
    2022       0.6621
    2023       0.6118
    2024       0.5973
    2025       0.6274
    2026       0.6815
    2027       0.5699
    2028       0.7108
    2029       0.5786
    2030       0.7361
    2031       0.6785
    2032       0.7113
    2033       0.6885
    2034       0.6646
    2035       0.6867
    2036       0.6434
    2037       0.6045
    2038       0.6135
    2039       0.7362
    2040       0.6372
    2041       0.6721
    2042       0.6479
    2043       0.7128
    2044       0.6857
    2045       0.6221
    2046       0.6169
    2047       0.7037
    2048       0.6454
    2049       0.7476
    2050       0.7148
    2051       0.7537
    2052       0.6817
    2053       0.6745
    2054       0.7073
    2055       0.6736
    2056       0.6937
    2057       0.7044
    2058       0.6622
    2059       0.6900
    2060       0.5845
    2061       0.7202
    2062       0.6760
    2063       0.6317
    2064       0.6186
    2065       0.6580
    2066       0.6279
    2067       0.5832
    2068       0.7064
    2069       0.6984
    2070       0.6533
    2071       0.6487
    2072       0.6964
    2073       0.6052
    2074       0.6984
    2075       0.6972
    2076       0.5933
    2077       0.6398
    2078       0.6840
    2079       0.6976
    2080       0.6725
    2081       0.7252
    2082       0.6087
    2083       0.6481
    2084       0.6556
    2085       0.6444
    2086       0.5732
    2087       0.7396
    2088       0.7147
    2089       0.6843
    2090       0.6956
    2091       0.7006
    2092       0.7688
    2093       0.6541
    2094       0.7187
    2095       0.7631
    2096       0.7467
    2097       0.6283
    2098       0.7181
    2099       0.7083
    2100       0.5948
    2101       0.5129
    2102       0.6082
    2103       0.7197
    2104       0.6557
    2105       0.6740
    2106       0.7402
    2107       0.6786
    2108       0.6447
    2109       0.6013
    2110       0.7548
    2111       0.6258
    2112       0.7893
    2113       0.7062
    2114       0.6505
    2115       0.6700
    2116       0.6309
    2117       0.7222
    2118       0.6325
    2119       0.7273
    2120       0.7680
    2121       0.6376
    2122       0.6846
    2123       0.6419
    2124       0.6885
    2125       0.7284
    2126       0.6401
    2127       0.6460
    2128       0.6614
    2129       0.6548
    2130       0.7455
    2131       0.6890
    2132       0.7431
    2133       0.6773
    2134       0.6046
    2135       0.6306
    2136       0.7884
    2137       0.6828
    2138       0.7494
    2139       0.6967
    2140       0.7270
    2141       0.6861
    2142       0.6724
    2143       0.6402
    2144       0.5639
    2145       0.6727
    2146       0.6933
    2147       0.7197
    2148       0.7002
    2149       0.6191
    2150       0.7292
    2151       0.6468
    2152       0.6254
    2153       0.7458
    2154       0.6678
    2155       0.6489
    2156       0.6723
    2157       0.6405
    2158       0.7207
    2159       0.6440
    2160       0.7142
    2161       0.6554
    2162       0.6978
    2163       0.7219
    2164       0.6979
    2165       0.6807
    2166       0.5968
    2167       0.6729
    2168       0.6001
    2169       0.6393
    2170       0.6109
    2171       0.7038
    2172       0.7130
    2173       0.5910
    2174       0.6762
    2175       0.6222
    2176       0.6632
    2177       0.7331
    2178       0.6445
    2179       0.7857
    2180       0.6931
    2181       0.6580
    2182       0.6452
    2183       0.6987
    2184       0.7263
    2185       0.6800
    2186       0.7167
    2187       0.7601
    2188       0.6343
    2189       0.7353
    2190       0.6540
    2191       0.6032
    2192       0.6661
    2193       0.6780
    2194       0.7076
    2195       0.6429
    2196       0.6057
    2197       0.6808
    2198       0.7048
    2199       0.7082
    2200       0.7317
    2201       0.6894
    2202       0.6212
    2203       0.7489
    2204       0.7111
    2205       0.6360
    2206       0.6143
    2207       0.6530
    2208       0.6623
    2209       0.6837
    2210       0.6017
    2211       0.6585
    2212       0.7294
    2213       0.6208
    2214       0.6800
    2215       0.6792
    2216       0.6315
    2217       0.7292
    2218       0.6304
    2219       0.6343
    2220       0.6315
    2221       0.6733
    2222       0.6649
    2223       0.6466
    2224       0.6741
    2225       0.6660
    2226       0.7253
    2227       0.6757
    2228       0.6524
    2229       0.7651
    2230       0.7081
    2231       0.5906
    2232       0.7171
    2233       0.7959
    2234       0.5893
    2235       0.6348
    2236       0.6576
    2237       0.7612
    2238       0.5860
    2239       0.6768
    2240       0.6686
    2241       0.7475
    2242       0.7310
    2243       0.6874
    2244       0.6257
    2245       0.7226
    2246       0.7436
    2247       0.6585
    2248       0.6815
    2249       0.6421
    2250       0.6732
    2251       0.6233
    2252       0.7429
    2253       0.5931
    2254       0.6233
    2255       0.6700
    2256       0.6453
    2257       0.6806
    2258       0.6643
    2259       0.6277
    2260       0.6335
    2261       0.7229
    2262       0.6380
    2263       0.6993
    2264       0.6850
    2265       0.6933
    2266       0.7818
    2267       0.6975
    2268       0.5715
    2269       0.6449
    2270       0.6581
    2271       0.6740
    2272       0.7731
    2273       0.7159
    2274       0.7223
    2275       0.6890
    2276       0.6901
    2277       0.8237
    2278       0.6616
    2279       0.6339
    2280       0.6538
    2281       0.7330
    2282       0.6977
    2283       0.6557
    2284       0.5940
    2285       0.6877
    2286       0.5383
    2287       0.6101
    2288       0.7429
    2289       0.6819
    2290       0.7867
    2291       0.6409
    2292       0.7296
    2293       0.6276
    2294       0.6982
    2295       0.6013
    2296       0.7114
    2297       0.6729
    2298       0.6140
    2299       0.6774
    2300       0.6548
    2301       0.7371
    2302       0.6906
    2303       0.8195
    2304       0.6792
    2305       0.7178
    2306       0.7423
    2307       0.6339
    2308       0.7040
    2309       0.7826
    2310       0.5920
    2311       0.7114
    2312       0.6697
    2313       0.6004
    2314       0.6504
    2315       0.6345
    2316       0.6747
    2317       0.6239
    2318       0.6163
    2319       0.6914
    2320       0.7169
    2321       0.6745
    2322       0.6906
    2323       0.6818
    2324       0.6523
    2325       0.6397
    2326       0.7280
    2327       0.6426
    2328       0.6924
    2329       0.7358
    2330       0.6806
    2331       0.7447
    2332       0.6295
    2333       0.7504
    2334       0.6599
    2335       0.7561
    2336       0.6781
    2337       0.6131
    2338       0.6416
    2339       0.7081
    2340       0.6656
    2341       0.6730
    2342       0.6566
    2343       0.7028
    2344       0.7639
    2345       0.6868
    2346       0.6639
    2347       0.6159
    2348       0.7082
    2349       0.6128
    2350       0.7080
    2351       0.6166
    2352       0.6517
    2353       0.6561
    2354       0.6698
    2355       0.6805
    2356       0.7138
    2357       0.7191
    2358       0.6565
    2359       0.7227
    2360       0.7054
    2361       0.6599
    2362       0.6974
    2363       0.7459
    2364       0.6221
    2365       0.7090
    2366       0.5949
    2367       0.7195
    2368       0.7339
    2369       0.7068
    2370       0.6409
    2371       0.7580
    2372       0.7063
    2373       0.6588
    2374       0.6966
    2375       0.7218
    2376       0.7857
    2377       0.6917
    2378       0.7001
    2379       0.6825
    2380       0.6738
    2381       0.7751
    2382       0.7328
    2383       0.6481
    2384       0.6634
    2385       0.7001
    2386       0.7374
    2387       0.5729
    2388       0.7041
    2389       0.6365
    2390       0.7108
    2391       0.6497
    2392       0.6748
    2393       0.6792
    2394       0.7119
    2395       0.6877
    2396       0.7046
    2397       0.6764
    2398       0.6911
    2399       0.7423
    2400       0.6852
    2401       0.7318
    2402       0.7026
    2403       0.7325
    2404       0.6629
    2405       0.5658
    2406       0.6790
    2407       0.8089
    2408       0.7193
    2409       0.7930
    2410       0.6736
    2411       0.6376
    2412       0.6208
    2413       0.6487
    2414       0.6723
    2415       0.7915
    2416       0.7101
    2417       0.5491
    2418       0.6515
    2419       0.5587
    2420       0.8073
    2421       0.6842
    2422       0.6823
    2423       0.7130
    2424       0.6724
    2425       0.7556
    2426       0.7685
    2427       0.6855
    2428       0.6885
    2429       0.7866
    2430       0.6878
    2431       0.6877
    2432       0.7865
    2433       0.6649
    2434       0.5517
    2435       0.6965
    2436       0.7023
    2437       0.7271
    2438       0.6527
    2439       0.6794
    2440       0.8313
    2441       0.5996
    2442       0.5743
    2443       0.6917
    2444       0.6924
    2445       0.6774
    2446       0.7934
    2447       0.6549
    2448       0.6858
    2449       0.6701
    2450       0.6895
    2451       0.7085
    2452       0.6959
    2453       0.7407
    2454       0.6614
    2455       0.7379
    2456       0.6752
    2457       0.6282
    2458       0.7105
    2459       0.7198
    2460       0.6814
    2461       0.6274
    2462       0.5926
    2463       0.6372
    2464       0.7133
    2465       0.7314
    2466       0.6613
    2467       0.6724
    2468       0.6562
    2469       0.6635
    2470       0.6506
    2471       0.6465
    2472       0.6599
    2473       0.6489
    2474       0.6986
    2475       0.6467
    2476       0.6466
    2477       0.6496
    2478       0.7162
    2479       0.6871
    2480       0.6550
    2481       0.6448
    2482       0.7090
    2483       0.6728
    2484       0.6649
    2485       0.6914
    2486       0.5628
    2487       0.6928
    2488       0.6439
    2489       0.7551
    2490       0.6189
    2491       0.7428
    2492       0.6200
    2493       0.6966
    2494       0.6763
    2495       0.6451
    2496       0.7389
    2497       0.7084
    2498       0.6834
    2499       0.6598
    2500       0.6704
    2501       0.7402
    2502       0.6344
    2503       0.6994
    2504       0.5653
    2505       0.6896
    2506       0.7630
    2507       0.6804
    2508       0.6571
    2509       0.6277
    2510       0.6667
    2511       0.7243
    2512       0.5590
    2513       0.6716
    2514       0.6791
    2515       0.6562
    2516       0.7485
    2517       0.6977
    2518       0.6560
    2519       0.7707
    2520       0.7351
    2521       0.6529
    2522       0.6898
    2523       0.6545
    2524       0.8151
    2525       0.6097
    2526       0.7142
    2527       0.7472
    2528       0.7339
    2529       0.6988
    2530       0.7092
    2531       0.7308
    2532       0.7010
    2533       0.7809
    2534       0.7322
    2535       0.6491
    2536       0.7785
    2537       0.6539
    2538       0.8155
    2539       0.6557
    2540       0.6871
    2541       0.6571
    2542       0.7478
    2543       0.6617
    2544       0.6252
    2545       0.5683
    2546       0.6920
    2547       0.6823
    2548       0.6556
    2549       0.6205
    2550       0.7076
    2551       0.7526
    2552       0.6708
    2553       0.6890
    2554       0.7311
    2555       0.6076
    2556       0.7338
    2557       0.7137
    2558       0.5499
    2559       0.6940
    2560       0.6999
    2561       0.7050
    2562       0.7365
    2563       0.6929
    2564       0.7065
    2565       0.7300
    2566       0.7308
    2567       0.6851
    2568       0.6302
    2569       0.6359
    2570       0.7387
    2571       0.6638
    2572       0.6905
    2573       0.6707
    2574       0.6782
    2575       0.7101
    2576       0.7499
    2577       0.6747
    2578       0.7047
    2579       0.6346
    2580       0.7962
    2581       0.6414
    2582       0.7008
    2583       0.7814
    2584       0.6497
    2585       0.7557
    2586       0.7092
    2587       0.6398
    2588       0.6650
    2589       0.7141
    2590       0.6200
    2591       0.7473
    2592       0.6932
    2593       0.6641
    2594       0.6637
    2595       0.6855
    2596       0.7112
    2597       0.6652
    2598       0.6508
    2599       0.6905
    2600       0.6583
    2601       0.6412
    2602       0.7582
    2603       0.7487
    2604       0.6263
    2605       0.6336
    2606       0.6569
    2607       0.6726
    2608       0.6783
    2609       0.6353
    2610       0.6895
    2611       0.6965
    2612       0.6502
    2613       0.7041
    2614       0.6726
    2615       0.7081
    2616       0.6504
    2617       0.7837
    2618       0.7391
    2619       0.6384
    2620       0.6713
    2621       0.6620
    2622       0.6793
    2623       0.6259
    2624       0.6617
    2625       0.7839
    2626       0.6833
    2627       0.7702
    2628       0.7290
    2629       0.7375
    2630       0.6614
    2631       0.6915
    2632       0.6289
    2633       0.6586
    2634       0.7013
    2635       0.6468
    2636       0.6793
    2637       0.7195
    2638       0.7826
    2639       0.7513
    2640       0.6835
    2641       0.7595
    2642       0.7076
    2643       0.7265
    2644       0.7275
    2645       0.7204
    2646       0.7083
    2647       0.7260
    2648       0.6861
    2649       0.7233
    2650       0.7276
    2651       0.6018
    2652       0.6792
    2653       0.6920
    2654       0.7044
    2655       0.7313
    2656       0.6920
    2657       0.5961
    2658       0.6514
    2659       0.7183
    2660       0.7253
    2661       0.5781
    2662       0.6059
    2663       0.7692
    2664       0.6833
    2665       0.6568
    2666       0.6198
    2667       0.7105
    2668       0.6543
    2669       0.6744
    2670       0.5905
    2671       0.7034
    2672       0.7131
    2673       0.8913
    2674       0.7107
    2675       0.7284
    2676       0.7130
    2677       0.6031
    2678       0.7181
    2679       0.6587
    2680       0.6947
    2681       0.6349
    2682       0.7600
    2683       0.6529
    2684       0.6247
    2685       0.7305
    2686       0.6971
    2687       0.6058
    2688       0.6303
    2689       0.7057
    2690       0.6281
    2691       0.6260
    2692       0.7201
    2693       0.6754
    2694       0.6944
    2695       0.6799
    2696       0.7618
    2697       0.7313
    2698       0.7175
    2699       0.7359
    2700       0.6982
    2701       0.6686
    2702       0.7213
    2703       0.7094
    2704       0.6870
    2705       0.6635
    2706       0.6207
    2707       0.6749
    2708       0.6573
    2709       0.6916
    2710       0.6718
    2711       0.6657
    2712       0.6747
    2713       0.7088
    2714       0.6550
    2715       0.6217
    2716       0.6897
    2717       0.6898
    2718       0.9261
    2719       0.8046
    2720       0.7211
    2721       0.7310
    2722       0.6723
    2723       0.6653
    2724       0.7408
    2725       0.6371
    2726       0.6616
    2727       0.7503
    2728       0.7270
    2729       0.6970
    2730       0.6242
    2731       0.7046
    2732       0.7402
    2733       0.7011
    2734       0.6093
    2735       0.7512
    2736       0.7349
    2737       0.6813
    2738       0.6932
    2739       0.6593
    2740       0.7187
    2741       0.6281
    2742       0.7058
    2743       0.6805
    2744       0.7171
    2745       0.6886
    2746       0.6165
    2747       0.6226
    2748       0.7597
    2749       0.7002
    2750       0.6299
    2751       0.6666
    2752       0.7216
    2753       0.6835
    2754       0.7262
    2755       0.6863
    2756       0.6608
    2757       0.6688
    2758       0.7201
    2759       0.7127
    2760       0.6451
    2761       0.6809
    2762       0.6709
    2763       0.6875
    2764       0.6334
    2765       0.6627
    2766       0.7054
    2767       0.7086
    2768       0.6723
    2769       0.6991
    2770       0.6574
    2771       0.8687
    2772       0.8739
    2773       0.8911
    2774       0.8399
    2775       0.8505
    2776       0.8518
    2777       0.8765
    2778       0.8650
    2779       0.8507
    2780       0.7358
    2781       0.6361
    2782       0.7174
    2783       0.6837
    2784       0.6890
    2785       0.6189
    2786       0.7372
    2787       0.6380
    2788       0.5979
    2789       0.7317
    2790       0.6277
    2791       0.6828
    2792       0.6737
    2793       0.6442
    2794       0.7260
    2795       0.6819
    2796       0.7441
    2797       0.7404
    2798       0.6751
    2799       0.6722
    2800       0.6763
    2801       0.6966
    2802       0.6990
    2803       0.6957
    2804       0.7281
    2805       0.6826
    2806       0.5573
    2807       0.7657
    2808       0.7068
    2809       0.7105
    2810       0.6810
    2811       0.6660
    2812       0.6827
    2813       0.7503
    2814       0.5752
    2815       0.6879
    2816       0.6021
    2817       0.6934
    2818       0.6273
    2819       0.6989
    2820       0.6403
    2821       0.7230
    2822       0.6584
    2823       0.6047
    2824       0.7528
    2825       0.7098
    2826       0.7764
    2827       0.7060
    2828       0.7792
    2829       0.6968
    2830       0.6597
    2831       0.6572
    2832       0.7140
    2833       0.7725
    2834       0.6808
    2835       0.6518
    2836       0.7432
    2837       0.7200
    2838       0.7005
    2839       0.6511
    2840       0.7487
    2841       0.6298
    2842       0.6061
    2843       0.6815
    2844       0.7105
    2845       0.6601
    2846       0.4131
    2847       0.6837
    2848       0.6243
    2849       0.6437
    2850       0.7700
    2851       0.5911
    2852       0.6579
    2853       0.7235
    2854       0.7202
    2855       0.6430
    2856       0.5960
    2857       0.7005
    2858       0.6523
    2859       0.7550
    2860       0.6558
    2861       0.6628
    2862       0.6298
    2863       0.6108
    2864       0.7592
    2865       0.6228
    2866       0.6768
    2867       0.6343
    2868       0.6972
    2869       0.5554
    2870       0.6509
    2871       0.6569
    2872       0.6673
    2873       0.6738
    2874       0.6629
    2875       0.7157
    2876       0.6934
    2877       0.7029
    2878       0.7328
    2879       0.7317
    2880       0.6196
    2881       0.5786
    2882       0.6528
    2883       0.6107
    2884       0.7511
    2885       0.6288
    2886       0.7619
    2887       0.6421
    2888       0.6957
    2889       0.7424
    2890       0.7167
    2891       0.6871
    2892       0.7289
    2893       0.6539
    2894       0.6490
    2895       0.6913
    2896       0.7031
    2897       0.6942
    2898       0.6572
    2899       0.7015
    2900       0.6473
    2901       0.7095
    2902       0.6907
    2903       0.7328
    2904       0.6551
    2905       0.6745
    2906       0.7399
    2907       0.6678
    2908       0.6727
    2909       0.6789
    2910       0.6181
    2911       0.7016
    2912       0.6699
    2913       0.6995
    2914       0.7863
    2915       0.7493
    2916       0.6149
    2917       0.7193
    2918       0.6705
    2919       0.7193
    2920       0.6822
    2921       0.6910
    2922       0.6319
    2923       0.5737
    2924       0.6709
    2925       0.7122
    2926       0.6440
    2927       0.7004
    2928       0.6153
    2929       0.5516
    2930       0.7266
    2931       0.7078
    2932       0.7259
    2933       0.6575
    2934       0.5949
    2935       0.7057
    2936       0.7082
    2937       0.6312
    2938       0.6643
    2939       0.6908
    2940       0.5677
    2941       0.7028
    2942       0.6656
    2943       0.6821
    2944       0.6208
    2945       0.6876
    2946       0.5958
    2947       0.6387
    2948       0.7156
    2949       0.6979
    2950       0.6611
    2951       0.6880
    2952       0.7016
    2953       0.6820
    2954       0.6691
    2955       0.6163
    2956       0.6593
    2957       0.7334
    2958       0.7281
    2959       0.7640
    2960       0.5988
    2961       0.6819
    2962       0.7251
    2963       0.6159
    2964       0.7182
    2965       0.6639
    2966       0.6988
    2967       0.7119
    2968       0.6608
    2969       0.6693
    2970       0.6790
    2971       0.6430
    2972       0.5933
    2973       0.6176
    2974       0.7088
    2975       0.6804
    2976       0.5865
    2977       0.6562
    2978       0.5798
    2979       0.6414
    2980       0.6645
    2981       0.7008
    2982       0.6771
    2983       0.7276
    2984       0.7147
    2985       0.6326
    2986       0.6575
    2987       0.6762
    2988       0.6935
    2989       0.5803
    2990       0.6752
    2991       0.6818
    2992       0.6199
    2993       0.6940
    2994       0.7665
    2995       0.6616
    2996       0.6880
    2997       0.6290
    2998       0.6626
    2999       0.6644
    3000       0.6948
